1,2004-02-28,01:07:16.983728,15,17.95,42.2165,1
2,2004-02-28,01:13:46.6654,15,17.8716,42.38399999999999,1
3,2004-02-28,01:14:16.503404,15,17.8716,42.38399999999999,1
4,2004-02-28,01:16:46.435991,15,17.8716,42.3505,1
5,2004-02-28,01:18:16.408748,15,17.8716,42.317,1
6,2004-02-28,01:19:16.87814,15,17.852,42.38399999999999,1
7,2004-02-28,01:19:46.120363,15,17.852,42.4509,1
8,2004-02-28,01:23:16.836414,15,17.8324,42.5178,1
9,2004-02-28,01:24:46.973858,15,17.8128,42.4844,1
10,2004-02-28,01:25:46.541423,15,17.8128,42.4509,1
11,2004-02-28,01:27:46.584942,15,17.8226,42.4509,1
12,2004-02-28,01:29:16.633717,15,17.7932,42.4509,1
13,2004-02-28,01:29:46.108503,15,17.803,42.4844,1
14,2004-02-28,01:30:16.767084,15,17.7932,42.4509,1
15,2004-02-28,01:30:46.733735,15,17.7932,42.4509,1
16,2004-02-28,01:32:16.637399,15,17.7932,42.4509,1
17,2004-02-28,01:34:16.48474,15,62.58153852491685,97.17048248218583,-1
18,2004-02-28,01:35:16.380476,15,67.09707375802962,115.38385495722045,-1
19,2004-02-28,01:35:46.744237,15,17.7638,42.4509,1
20,2004-02-28,01:36:15.991606,15,17.754,42.4509,1
21,2004-02-28,01:37:16.034665,15,17.754,42.4509,1
22,2004-02-28,01:38:46.210956,15,17.7148,42.5178,1
23,2004-02-28,01:39:46.729754,15,17.7148,42.5178,1
24,2004-02-28,01:40:16.71121,15,62.16536732201523,109.78829851268509,-1
25,2004-02-28,01:42:16.094541,15,62.05413403243419,103.73771269265069,-1
26,2004-02-28,01:42:46.760505,15,17.705,42.5178,1
27,2004-02-28,01:44:16.267571,15,17.6854,42.5178,1
28,2004-02-28,01:44:46.9975,15,17.6854,42.4844,1
29,2004-02-28,01:47:46.23212,15,17.656,42.5513,1
30,2004-02-28,01:48:46.421351,15,17.656,42.5178,1
31,2004-02-28,01:51:47.264779,15,17.6168,42.5847,1
32,2004-02-28,01:53:45.965848,15,17.6168,42.5847,1
33,2004-02-28,01:58:16.439303,15,17.6168,42.5178,1
34,2004-02-28,01:58:45.96686,15,17.6266,42.4844,1
35,2004-02-28,01:59:45.9326,15,17.607,42.4509,1
36,2004-02-28,02:01:45.93847,15,54.69129713566734,93.52416362247517,-1
37,2004-02-28,02:02:46.17175,15,56.81041850577926,105.65305601141853,-1
38,2004-02-28,02:04:16.49479,15,17.5384,42.5847,1
39,2004-02-28,02:05:46.571745,15,17.509,42.5847,1
40,2004-02-28,02:07:16.078757,15,17.4992,42.5847,1
41,2004-02-28,02:09:46.834539,15,17.4502,42.6182,1
42,2004-02-28,02:11:16.480302,15,17.4404,42.6516,1
43,2004-02-28,02:12:46.605175,15,17.4012,42.7185,1
44,2004-02-28,02:16:16.355863,15,17.3522,42.7853,1
45,2004-02-28,02:17:16.276921,15,17.3522,42.7519,1
46,2004-02-28,02:18:15.979484,15,17.3522,42.7519,1
47,2004-02-28,02:18:45.991494,15,17.3424,42.7519,1
48,2004-02-28,02:19:46.751198,15,17.3228,42.8187,1
49,2004-02-28,02:20:16.25292,15,17.3228,42.7853,1
50,2004-02-28,02:23:16.002911,15,17.3228,42.7853,1
51,2004-02-28,02:24:16.004074,15,17.4502,42.4509,1
52,2004-02-28,02:25:46.275169,15,17.5482,42.183,1
53,2004-02-28,02:26:46.014393,15,17.5776,42.11600000000001,1
54,2004-02-28,02:27:46.261677,15,17.5972,42.0489,1
55,2004-02-28,02:29:46.275679,15,52.01642370453284,113.77791513316487,-1
56,2004-02-28,02:31:46.522534,15,17.5972,41.9147,1
57,2004-02-28,02:32:16.02891,15,17.5972,41.9818,1
58,2004-02-28,02:33:16.028488,15,75.26691151179908,100.362406217947,-1
59,2004-02-28,02:34:16.833448,15,17.5776,41.9818,1
60,2004-02-28,02:34:46.2794,15,17.5874,41.9818,1
61,2004-02-28,02:35:16.844663,15,17.5874,41.9818,1
62,2004-02-28,02:35:46.042422,15,17.5776,41.9483,1
63,2004-02-28,02:37:16.040291,15,17.5384,42.0154,1
64,2004-02-28,02:37:46.297099,15,17.5678,41.9818,1
65,2004-02-28,02:38:16.042867,15,17.5384,42.0154,1
66,2004-02-28,02:38:46.54535,15,17.5678,41.9818,1
67,2004-02-28,02:41:16.056517,15,17.5286,42.0489,1
68,2004-02-28,02:41:46.552582,15,17.5384,41.9818,1
69,2004-02-28,02:42:16.845671,15,17.5286,42.0489,1
70,2004-02-28,02:42:46.300697,15,17.5286,41.9818,1
71,2004-02-28,02:45:16.068088,15,17.4894,42.0824,1
72,2004-02-28,02:45:46.327808,15,17.4992,42.0489,1
73,2004-02-28,02:46:46.818663,15,17.4992,42.0489,1
74,2004-02-28,02:47:16.062074,15,17.4698,42.0824,1
75,2004-02-28,02:48:16.324591,15,17.46,42.11600000000001,1
76,2004-02-28,02:48:46.068196,15,17.4796,42.0489,1
77,2004-02-28,02:49:46.068532,15,17.4502,42.0489,1
78,2004-02-28,02:50:16.079875,15,17.4306,42.11600000000001,1
79,2004-02-28,02:50:46.326966,15,17.4404,42.11600000000001,1
80,2004-02-28,02:56:16.604058,15,17.3816,42.183,1
81,2004-02-28,02:57:16.110126,15,17.3718,42.183,1
82,2004-02-28,02:59:16.591725,15,17.3424,42.2165,1
83,2004-02-28,02:59:46.599655,15,17.3522,42.183,1
84,2004-02-28,03:00:16.351881,15,17.3424,42.25,1
85,2004-02-28,03:00:46.113177,15,17.3522,42.183,1
86,2004-02-28,03:01:46.108712,15,17.3326,42.183,1
87,2004-02-28,03:04:46.113847,15,17.3228,42.2165,1
88,2004-02-28,03:08:46.196211,15,17.2444,42.317,1
89,2004-02-28,03:09:16.903345,15,17.2346,42.317,1
90,2004-02-28,03:09:46.421772,15,17.264,42.25,1
91,2004-02-28,03:10:46.132547,15,17.264,42.25,1
92,2004-02-28,03:11:16.396763,15,72.87595906149856,97.08595202234554,-1
93,2004-02-28,03:12:16.409223,15,65.90303610685477,98.44018016626114,-1
94,2004-02-28,03:12:46.911826,15,17.264,42.25,1
95,2004-02-28,03:14:46.656369,15,17.2444,42.2835,1
96,2004-02-28,03:17:16.141567,15,17.215,42.3505,1
97,2004-02-28,03:18:16.913542,15,17.2248,42.317,1
98,2004-02-28,03:18:46.911685,15,17.2444,42.2835,1
99,2004-02-28,03:19:46.45921,15,17.2346,42.25,1
100,2004-02-28,03:20:16.147095,15,17.215,42.317,1
101,2004-02-28,03:20:46.420127,15,17.215,42.2835,1
102,2004-02-28,03:22:16.914413,15,17.1758,42.3505,1
103,2004-02-28,03:23:46.40945,15,17.1856,42.317,1
104,2004-02-28,03:24:16.684051,15,17.166,42.38399999999999,1
105,2004-02-28,03:24:46.158972,15,17.166,42.3505,1
106,2004-02-28,03:26:46.921665,15,17.1464,42.4174,1
107,2004-02-28,03:27:16.438192,15,17.1268,42.4509,1
108,2004-02-28,03:27:46.183944,15,17.1366,42.38399999999999,1
109,2004-02-28,03:30:16.429209,15,17.0974,42.4509,1
110,2004-02-28,03:31:16.688645,15,17.0876,42.4509,1
111,2004-02-28,03:33:16.224396,15,17.0974,42.4844,1
112,2004-02-28,03:35:46.205709,15,17.0974,42.4509,1
113,2004-02-28,03:36:16.942985,15,17.0876,42.4844,1
114,2004-02-28,03:36:46.198563,15,17.0876,42.4509,1
115,2004-02-28,03:37:16.69488,15,17.067999999999998,42.4844,1
116,2004-02-28,03:37:46.969096,15,17.0778,42.4509,1
117,2004-02-28,03:40:16.454154,15,17.0484,42.5178,1
118,2004-02-28,03:47:16.478657,15,16.97,42.5847,1
119,2004-02-28,03:49:16.230792,15,16.9504,42.6182,1
120,2004-02-28,03:51:16.22726,15,16.9308,42.6516,1
121,2004-02-28,03:55:16.812989,15,16.9014,42.6516,1
122,2004-02-28,03:58:16.249199,15,16.872,42.685,1
123,2004-02-28,03:59:16.7529,15,16.8622,42.685,1
124,2004-02-28,04:01:17.014052,15,65.79180532302708,106.32478017279266,-1
125,2004-02-28,04:02:16.548546,15,54.583458400919845,98.70829669376693,-1
126,2004-02-28,04:03:18.210168,15,16.8328,42.7185,1
127,2004-02-28,04:06:16.265622,15,16.823,42.685,1
128,2004-02-28,04:07:16.77288,15,16.8132,42.7185,1
129,2004-02-28,04:22:16.995043,15,16.6564,42.9189,1
130,2004-02-28,04:23:16.911121,15,16.6564,42.8855,1
131,2004-02-28,04:29:46.464862,15,16.6172,42.8855,1
132,2004-02-28,04:32:16.33892,15,61.13264150340089,116.1635434545889,-1
133,2004-02-28,04:34:16.88263,15,52.79415780035332,99.38343849899256,-1
134,2004-02-28,04:36:47.609524,15,54.24989505129051,89.74618036540315,-1
135,2004-02-28,04:38:46.858472,15,61.17264647811943,99.06831168226852,-1
136,2004-02-28,04:44:47.213333,15,16.4996,42.9856,1
137,2004-02-28,04:51:16.415603,15,16.4114,43.1191,1
138,2004-02-28,04:54:16.399211,15,16.382,43.1191,1
139,2004-02-28,05:07:46.685234,15,16.3134,43.1191,1
140,2004-02-28,05:08:47.197321,15,16.3134,43.1191,1
141,2004-02-28,05:17:46.456945,15,16.2742,43.1858,1
142,2004-02-28,05:19:16.573992,15,16.2448,43.2525,1
143,2004-02-28,05:21:47.289212,15,57.4467015047325,98.0848875038541,-1
144,2004-02-28,05:27:16.933803,15,65.92885985585112,99.04731863475693,-1
145,2004-02-28,05:27:47.111558,15,16.2644,43.1858,1
146,2004-02-28,05:31:46.619998,15,16.2252,43.2525,1
147,2004-02-28,05:34:17.101188,15,16.1958,43.2858,1
148,2004-02-28,05:35:17.248181,15,16.186,43.3191,1
149,2004-02-28,05:38:17.266309,15,16.1468,43.3858,1
150,2004-02-28,05:44:17.053578,15,16.1272,43.3858,1
151,2004-02-28,05:45:47.098479,15,16.137,43.3858,1
152,2004-02-28,05:48:17.03653,15,16.0978,43.4524,1
153,2004-02-28,05:50:16.659372,15,16.0978,43.4524,1
154,2004-02-28,05:50:47.218676,15,16.1076,43.3858,1
155,2004-02-28,05:51:47.047352,15,16.1076,43.4191,1
156,2004-02-28,05:52:47.297259,15,16.1174,43.3858,1
157,2004-02-28,05:54:47.503088,15,16.0978,43.4191,1
158,2004-02-28,05:58:46.888604,15,16.0684,43.4524,1
159,2004-02-28,06:01:17.187584,15,16.0488,43.519,1
160,2004-02-28,06:03:17.090764,15,16.0096,43.5855,1
161,2004-02-28,06:05:47.349054,15,16.039,43.519,1
162,2004-02-28,06:06:16.800374,15,16.0194,43.5522,1
163,2004-02-28,06:08:47.427565,15,16.0292,43.4857,1
164,2004-02-28,06:10:47.321107,15,16.0488,43.4524,1
165,2004-02-28,06:13:17.49942,15,16.0292,43.519,1
166,2004-02-28,06:25:46.464056,15,15.7352,44.1172,1
167,2004-02-28,06:26:46.945042,15,15.6568,44.3162,1
168,2004-02-28,06:28:46.491738,15,15.794,43.9844,1
169,2004-02-28,06:32:16.463239,15,15.8724,43.7851,1
170,2004-02-28,06:34:17.015338,15,15.9116,43.7186,1
171,2004-02-28,06:35:46.4673,15,15.9312,43.6188,1
172,2004-02-28,06:36:47.052942,15,15.9116,43.6188,1
173,2004-02-28,06:45:17.669112,15,15.9116,43.6188,1
174,2004-02-28,06:55:16.528447,15,15.9214,43.6188,1
175,2004-02-28,07:01:16.842533,15,15.9116,43.6521,1
176,2004-02-28,07:09:46.56474,15,15.99,43.4524,1
177,2004-02-28,16:48:47.542276,15,72.00046545809231,89.92095478374661,-1
178,2004-02-28,16:51:19.840214,15,49.9667605432993,107.13566616205291,-1
179,2004-02-28,16:52:49.05616,15,73.5363094809416,93.82339355540502,-1
180,2004-02-28,16:53:50.689982,15,74.80502602590474,111.8552120227229,-1
181,2004-02-28,16:54:48.565312,15,57.71354518443013,95.62851083509159,-1
182,2004-02-28,16:59:17.438703,15,22.4286,36.1293,1
183,2004-02-28,17:00:49.939067,15,22.2228,36.4741,1
184,2004-02-28,17:01:19.441762,15,22.164,36.6118,1
185,2004-02-28,17:01:50.680804,15,22.1444,36.6807,1
186,2004-02-28,17:02:21.45168,15,22.1052,36.7495,1
187,2004-02-28,17:03:20.187881,15,22.0366,36.8183,1
188,2004-02-28,17:04:18.173333,15,21.9974,36.8871,1
189,2004-02-28,17:04:49.532708,15,21.968000000000004,36.9215,1
190,2004-02-28,17:07:22.458715,15,21.9092,37.0933,1
191,2004-02-28,17:07:52.481777,15,21.9092,37.0933,1
192,2004-02-28,17:08:20.407986,15,21.8798,37.0933,1
193,2004-02-28,17:08:50.561907,15,21.8798,37.1277,1
194,2004-02-28,17:09:18.02184,15,21.87,37.0933,1
195,2004-02-28,17:09:52.13107,15,21.87,37.162,1
196,2004-02-28,17:10:47.474829,15,21.8406,37.1963,1
197,2004-02-28,17:12:51.717267,15,21.8112,37.3336,1
198,2004-02-28,17:14:22.459725,15,21.8112,37.3336,1
199,2004-02-28,17:15:49.206476,15,21.7916,37.3679,1
200,2004-02-28,17:16:48.046045,15,21.8112,37.3336,1
201,2004-02-28,17:17:49.157521,15,21.8112,37.3679,1
202,2004-02-28,17:18:48.035811,15,21.7916,37.3679,1
203,2004-02-28,17:19:20.960565,15,21.7818,37.3679,1
204,2004-02-28,17:23:18.431891,15,21.7524,37.4365,1
205,2004-02-28,17:23:48.408193,15,21.7328,37.5051,1
206,2004-02-28,17:24:50.459777,15,21.7132,37.5051,1
207,2004-02-28,17:26:18.693648,15,21.7034,37.5394,1
208,2004-02-28,17:27:21.327024,15,21.7132,37.5737,1
209,2004-02-28,17:29:18.624342,15,21.6642,37.6079,1
210,2004-02-28,17:29:48.362006,15,21.674,37.6079,1
211,2004-02-28,17:31:51.256214,15,21.6446,37.6422,1
212,2004-02-28,17:32:48.613418,15,21.6348,37.6422,1
213,2004-02-28,17:34:51.241231,15,21.6054,37.7107,1
214,2004-02-28,17:37:20.367619,15,21.5564,37.745,1
215,2004-02-28,17:40:48.2196,15,61.46436847799758,95.50513723870532,-1
216,2004-02-28,17:41:18.938288,15,21.4878,37.9161,1
217,2004-02-28,17:42:19.007991,15,21.478,37.9161,1
218,2004-02-28,17:42:48.638034,15,50.92580637379808,103.2840886672695,-1
219,2004-02-28,17:44:18.714714,15,56.90673040899941,99.41059491223594,-1
220,2004-02-28,17:49:17.956005,15,21.3506,38.1213,1
221,2004-02-28,17:53:49.874098,15,21.4388,37.9161,1
222,2004-02-28,17:55:20.734423,15,21.5564,37.7107,1
223,2004-02-28,17:58:49.864201,15,21.5956,37.5737,1
224,2004-02-28,17:59:18.642524,15,21.6054,37.5051,1
225,2004-02-28,18:04:21.025431,15,21.5662,37.5737,1
226,2004-02-28,18:06:50.857997,15,21.527,37.6422,1
227,2004-02-28,18:07:20.698984,15,61.08393911967037,100.3194303937377,-1
228,2004-02-28,18:15:49.064047,15,21.3996,37.7792,1
229,2004-02-28,18:17:20.141296,15,21.3898,37.8134,1
230,2004-02-28,18:22:21.159757,15,21.3408,37.9161,1
231,2004-02-28,18:24:50.595152,15,21.2918,37.9845,1
232,2004-02-28,18:25:17.72196,15,21.3016,37.9161,1
233,2004-02-28,18:26:50.062057,15,21.2722,37.9845,1
234,2004-02-28,18:33:51.993422,15,20.8508,38.872,1
235,2004-02-28,18:34:18.659911,15,20.8704,38.872,1
236,2004-02-28,18:36:18.422298,15,70.39987287871735,97.90989938162318,-1
237,2004-02-28,18:36:48.737297,15,20.8116,38.9401,1
238,2004-02-28,18:37:20.047595,15,20.8116,38.9401,1
239,2004-02-28,18:42:18.088941,15,20.7038,39.1443,1
240,2004-02-28,18:45:19.866877,15,20.6744,39.2123,1
241,2004-02-28,18:45:48.292393,15,20.6548,39.2123,1
242,2004-02-28,18:46:48.059783,15,20.6646,39.2123,1
243,2004-02-28,18:49:20.008991,15,20.6646,39.2123,1
244,2004-02-28,18:52:17.990307,15,20.6352,39.2803,1
245,2004-02-28,18:53:52.714545,15,20.6352,39.2803,1
246,2004-02-28,18:54:48.486149,15,20.6352,39.2803,1
247,2004-02-28,18:55:48.394559,15,20.6352,39.2803,1
248,2004-02-28,18:57:19.615515,15,20.645,39.2123,1
249,2004-02-28,18:57:48.007551,15,20.6352,39.2803,1
250,2004-02-28,18:59:48.524959,15,20.6156,39.2463,1
251,2004-02-28,19:00:18.791371,15,20.596,39.2803,1
252,2004-02-28,19:00:52.108733,15,20.596,39.2803,1
253,2004-02-28,19:01:50.580731,15,20.596,39.2803,1
254,2004-02-28,19:03:50.768592,15,20.5568,39.3483,1
255,2004-02-28,19:06:18.980392,15,61.6926733536027,100.93811073102123,-1
256,2004-02-28,19:07:18.463887,15,20.5176,39.4162,1
257,2004-02-28,19:08:49.655059,15,20.694000000000006,39.0763,1
258,2004-02-28,19:09:19.066064,15,20.7528,38.9401,1
259,2004-02-28,19:10:53.422078,15,20.8018,38.8039,1
260,2004-02-28,19:11:23.486801,15,20.841,38.7016,1
261,2004-02-28,19:12:23.243364,15,20.8606,38.6675,1
262,2004-02-28,19:12:51.436191,15,20.8508,38.6675,1
263,2004-02-28,19:13:23.830393,15,20.8802,38.6334,1
264,2004-02-28,19:14:48.723153,15,20.8312,38.7016,1
265,2004-02-28,19:15:50.031298,15,20.7234,38.9401,1
266,2004-02-28,19:16:51.26429,15,20.6352,39.1103,1
267,2004-02-28,19:17:19.731644,15,20.6058,39.1443,1
268,2004-02-28,19:17:50.011192,15,20.6058,39.2123,1
269,2004-02-28,19:18:17.717583,15,20.5764,39.2463,1
270,2004-02-28,19:18:50.388033,15,20.547,39.3143,1
271,2004-02-28,19:19:48.692757,15,20.5176,39.3483,1
272,2004-02-28,19:20:21.170573,15,55.07736456725972,98.1169393507483,-1
273,2004-02-28,19:21:48.223099,15,54.657203175009585,100.0119753413639,-1
274,2004-02-28,19:23:51.488603,15,20.4784,39.4842,1
275,2004-02-28,19:24:51.889773,15,20.4588,39.4842,1
276,2004-02-28,19:27:19.772999,15,20.4294,39.5521,1
277,2004-02-28,19:28:19.105145,15,20.4392,39.5521,1
278,2004-02-28,19:28:49.256069,15,20.4196,39.5521,1
279,2004-02-28,19:29:18.436315,15,20.4196,39.5521,1
280,2004-02-28,19:30:48.849235,15,20.4,39.5521,1
281,2004-02-28,19:32:18.720678,15,20.3902,39.5521,1
282,2004-02-28,19:35:18.467911,15,20.3216,39.7217,1
283,2004-02-28,19:36:19.815981,15,20.3314,39.7217,1
284,2004-02-28,19:37:17.814,15,20.3216,39.7557,1
285,2004-02-28,19:38:17.895091,15,20.3216,39.7557,1
286,2004-02-28,19:39:51.063,15,20.302,39.7896,1
287,2004-02-28,19:40:18.575423,15,20.2824,39.8235,1
288,2004-02-28,19:42:47.906209,15,40.81446999076553,104.48296748630818,-1
289,2004-02-28,19:44:18.957876,15,20.2628,39.7557,1
290,2004-02-28,19:44:51.224889,15,20.2628,39.7557,1
291,2004-02-28,19:45:21.394619,15,20.2628,39.7896,1
292,2004-02-28,19:46:51.39304,15,20.2334,39.8235,1
293,2004-02-28,19:47:20.474051,15,20.2432,39.8235,1
294,2004-02-28,19:49:52.282522,15,20.2432,39.8235,1
295,2004-02-28,19:50:21.885166,15,20.2432,39.7896,1
296,2004-02-28,19:52:18.687189,15,20.204,39.8574,1
297,2004-02-28,19:52:51.595348,15,20.1942,39.8913,1
298,2004-02-28,19:55:50.151885,15,57.975361290849094,106.47011233194766,-1
299,2004-02-28,19:56:22.416272,15,20.1844,39.8913,1
300,2004-02-28,19:58:50.123461,15,20.1746,39.9591,1
301,2004-02-28,20:00:18.505167,15,20.1648,40.0607,1
302,2004-02-28,20:08:48.618049,15,20.2824,39.7557,1
303,2004-02-28,20:09:50.622905,15,20.3608,39.5521,1
304,2004-02-28,20:12:50.763398,15,20.449,39.3143,1
305,2004-02-28,20:13:50.288426,15,20.4098,39.3483,1
306,2004-02-28,20:14:17.603828,15,20.3412,39.4842,1
307,2004-02-28,20:16:17.860086,15,20.1648,39.8574,1
308,2004-02-28,20:17:20.524051,15,20.1158,39.9929,1
309,2004-02-28,20:17:51.421092,15,20.0864,40.0268,1
310,2004-02-28,20:18:17.749543,15,20.0864,40.0268,1
311,2004-02-28,20:19:22.361875,15,20.0276,40.0945,1
312,2004-02-28,20:19:50.645354,15,20.0178,40.1961,1
313,2004-02-28,20:20:22.786427,15,20.008,40.1622,1
314,2004-02-28,20:22:49.966816,15,20.0178,40.1622,1
315,2004-02-28,20:23:18.568142,15,20.008,40.1961,1
316,2004-02-28,20:23:51.473825,15,19.9982,40.1961,1
317,2004-02-28,20:24:20.349902,15,19.9982,40.2299,1
318,2004-02-28,20:24:52.864315,15,19.9982,40.2299,1
319,2004-02-28,20:27:22.537659,15,19.9884,40.2976,1
320,2004-02-28,20:27:52.167086,15,19.9884,40.2976,1
321,2004-02-28,20:28:22.492717,15,19.9884,40.2976,1
322,2004-02-28,20:28:54.821168,15,19.9884,40.2299,1
323,2004-02-28,20:31:20.726454,15,19.9884,40.2976,1
324,2004-02-28,20:32:19.318362,15,19.9786,40.2976,1
325,2004-02-28,20:33:18.579121,15,19.959,40.3652,1
326,2004-02-28,20:33:50.421257,15,19.9688,40.3652,1
327,2004-02-28,20:34:18.282262,15,19.9688,40.3652,1
328,2004-02-28,20:36:23.054604,15,19.9492,40.3652,1
329,2004-02-28,20:37:18.295433,15,19.9296,40.3652,1
330,2004-02-28,20:39:23.539358,15,19.8904,40.4328,1
331,2004-02-28,20:39:51.946021,15,19.8904,40.4328,1
332,2004-02-28,20:41:17.849804,15,19.8904,40.4666,1
333,2004-02-28,20:42:51.198687,15,19.8806,40.4328,1
334,2004-02-28,20:43:18.75268,15,19.8708,40.4666,1
335,2004-02-28,20:43:48.839841,15,19.8708,40.5004,1
336,2004-02-28,20:47:23.956048,15,19.8316,40.5342,1
337,2004-02-28,20:48:17.744665,15,19.812,40.56800000000001,1
338,2004-02-28,20:49:23.132687,15,19.812,40.56800000000001,1
339,2004-02-28,20:49:53.854434,15,19.7924,40.56800000000001,1
340,2004-02-28,20:51:50.826263,15,19.7532,40.6693,1
341,2004-02-28,20:54:21.245627,15,19.7532,40.7031,1
342,2004-02-28,20:56:18.226697,15,19.7336,40.7031,1
343,2004-02-28,20:56:48.859561,15,19.7434,40.7031,1
344,2004-02-28,20:58:49.012684,15,19.7336,40.7031,1
345,2004-02-28,21:00:18.466205,15,19.7434,40.7031,1
346,2004-02-28,21:01:21.067652,15,19.7434,40.7031,1
347,2004-02-28,21:02:49.538812,15,19.7434,40.7031,1
348,2004-02-28,21:06:23.978438,15,19.7336,40.7031,1
349,2004-02-28,21:07:23.458185,15,19.7434,40.6693,1
350,2004-02-28,21:08:21.224224,15,19.7532,40.7031,1
351,2004-02-28,21:08:49.023259,15,19.7728,40.6355,1
352,2004-02-28,21:09:48.406687,15,19.7728,40.6355,1
353,2004-02-28,21:10:22.025144,15,19.7728,40.6355,1
354,2004-02-28,21:12:48.597901,15,19.763,40.6355,1
355,2004-02-28,21:13:51.947285,15,19.7532,40.6355,1
356,2004-02-28,21:14:22.695194,15,19.763,40.6355,1
357,2004-02-28,21:14:49.040695,15,19.763,40.6355,1
358,2004-02-28,21:15:23.187912,15,19.7434,40.6693,1
359,2004-02-28,21:19:18.752653,15,19.763,40.6355,1
360,2004-02-28,21:20:48.87329,15,19.7336,40.7031,1
361,2004-02-28,21:21:23.329653,15,19.7434,40.7031,1
362,2004-02-28,21:23:54.135538,15,19.714,40.7031,1
363,2004-02-28,21:26:22.322215,15,19.7336,40.6693,1
364,2004-02-28,21:27:22.914482,15,59.269171792870544,102.02970073787108,-1
365,2004-02-28,21:28:19.044765,15,72.74186470704537,96.25556816951364,-1
366,2004-02-28,21:28:49.684113,15,19.6748,40.7368,1
367,2004-02-28,21:30:22.68816,15,19.6748,40.7706,1
368,2004-02-28,21:34:48.011929,15,19.6356,40.7706,1
369,2004-02-28,21:35:17.923724,15,54.164959955544276,110.20347608312916,-1
370,2004-02-28,21:35:49.052445,15,19.6356,40.8381,1
371,2004-02-28,21:37:23.325594,15,19.616,40.8381,1
372,2004-02-28,21:40:21.495745,15,19.5964,40.8381,1
373,2004-02-28,21:41:53.608934,15,19.5964,40.8718,1
374,2004-02-28,21:45:24.939174,15,19.5964,40.8381,1
375,2004-02-28,21:46:19.940044,15,19.5964,40.7706,1
376,2004-02-28,21:49:50.148777,15,19.5572,40.8381,1
377,2004-02-28,21:50:25.716453,15,19.5572,40.8718,1
378,2004-02-28,21:50:52.481654,15,19.5572,40.8718,1
379,2004-02-28,21:51:22.758381,15,19.5376,40.9055,1
380,2004-02-28,21:51:51.393128,15,63.418679820081564,86.38533424738159,-1
381,2004-02-28,21:53:22.984247,15,19.5572,40.9055,1
382,2004-02-28,21:54:51.825641,15,66.91627014036958,108.2299718318763,-1
383,2004-02-28,21:55:19.471481,15,19.5376,40.8381,1
384,2004-02-28,21:56:53.82245,15,19.518,40.9055,1
385,2004-02-28,21:57:18.176416,15,19.5082,40.9392,1
386,2004-02-28,21:57:48.150457,15,19.4984,40.9392,1
387,2004-02-28,21:59:51.74029,15,19.4788,40.973,1
388,2004-02-28,22:00:18.983642,15,59.84652006104259,104.6260636693728,-1
389,2004-02-28,22:01:53.520764,15,19.469,40.973,1
390,2004-02-28,22:02:17.964463,15,19.4788,40.973,1
391,2004-02-28,22:03:48.193508,15,19.4886,40.9055,1
392,2004-02-28,22:04:48.190315,15,19.4788,40.9055,1
393,2004-02-28,22:06:18.969152,15,19.4592,40.9055,1
394,2004-02-28,22:07:21.822913,15,19.4494,41.0404,1
395,2004-02-28,22:09:18.289493,15,19.4102,41.0067,1
396,2004-02-28,22:10:24.571531,15,19.42,40.973,1
397,2004-02-28,22:10:48.083867,15,19.42,40.973,1
398,2004-02-28,22:12:21.921458,15,19.42,40.973,1
399,2004-02-28,22:14:24.392349,15,19.4004,41.0067,1
400,2004-02-28,22:16:19.103371,15,19.3612,41.1078,1
401,2004-02-28,22:17:24.473612,15,19.371,41.0404,1
402,2004-02-28,22:18:19.061215,15,19.3808,41.0404,1
403,2004-02-28,22:18:50.68625,15,19.3906,41.0067,1
404,2004-02-28,22:19:23.059732,15,19.3808,41.0404,1
405,2004-02-28,22:20:48.693067,15,53.12547399650305,89.22010900289538,-1
406,2004-02-28,22:22:18.884365,15,19.3416,41.0404,1
407,2004-02-28,22:24:51.582141,15,19.3024,41.1078,1
408,2004-02-28,22:25:48.020436,15,19.3024,41.1078,1
409,2004-02-28,22:26:20.900086,15,19.2926,41.0404,1
410,2004-02-28,22:27:18.633607,15,19.3024,41.0404,1
411,2004-02-28,22:29:23.070947,15,19.2828,41.0404,1
412,2004-02-28,22:29:51.393078,15,61.55219241527266,109.09031794377373,-1
413,2004-02-28,22:30:50.649322,15,19.2632,41.1078,1
414,2004-02-28,22:34:51.563141,15,19.2436,41.1414,1
415,2004-02-28,22:38:18.060714,15,19.322,40.9055,1
416,2004-02-28,22:42:18.071922,15,19.5572,40.3652,1
417,2004-02-28,22:44:23.069799,15,19.5376,40.3652,1
418,2004-02-28,22:44:50.632194,15,19.518,40.3314,1
419,2004-02-28,22:45:18.335914,15,19.5572,40.2638,1
420,2004-02-28,22:47:18.101242,15,19.5572,40.2299,1
421,2004-02-28,22:48:21.828843,15,19.4396,40.5004,1
422,2004-02-28,22:49:48.565273,15,19.2828,40.8043,1
423,2004-02-28,22:50:20.889301,15,19.2534,40.9055,1
424,2004-02-28,22:51:18.094991,15,59.0580081204426,102.24712544312501,-1
425,2004-02-28,22:52:19.516138,15,19.1554,41.1078,1
426,2004-02-28,22:53:22.105506,15,19.0868,41.2425,1
427,2004-02-28,22:54:19.567502,15,58.46156965536723,105.74406775006372,-1
428,2004-02-28,22:56:18.103337,15,63.817384891262016,97.39704328974858,-1
429,2004-02-28,22:57:21.923082,15,19.0084,41.478,1
430,2004-02-28,22:59:19.519573,15,18.9692,41.478,1
431,2004-02-28,22:59:49.451412,15,18.9594,41.5116,1
432,2004-02-28,23:00:49.784127,15,18.9594,41.4444,1
433,2004-02-28,23:01:48.112731,15,18.9496,41.5116,1
434,2004-02-28,23:02:19.504086,15,59.849591801298615,101.35647155125906,-1
435,2004-02-28,23:02:52.794997,15,18.9398,41.5116,1
436,2004-02-28,23:03:22.456019,15,18.93,41.5116,1
437,2004-02-28,23:05:19.12251,15,18.8908,41.6125,1
438,2004-02-28,23:05:53.411365,15,18.8712,41.6461,1
439,2004-02-28,23:07:19.018708,15,18.8516,41.6461,1
440,2004-02-28,23:08:19.466802,15,18.8516,41.6461,1
441,2004-02-28,23:08:51.407571,15,18.8418,41.6797,1
442,2004-02-28,23:09:49.344233,15,18.8222,41.7133,1
443,2004-02-28,23:11:19.602389,15,55.5293654015571,107.43126444998896,-1
444,2004-02-28,23:13:21.680414,15,18.7732,41.7469,1
445,2004-02-28,23:14:49.148927,15,18.7634,41.7805,1
446,2004-02-28,23:15:49.142568,15,18.7536,41.7805,1
447,2004-02-28,23:16:51.533787,15,18.734,41.7805,1
448,2004-02-28,23:17:49.168206,15,18.7242,41.81399999999999,1
449,2004-02-28,23:18:21.8099,15,18.7144,41.8476,1
450,2004-02-28,23:18:53.29681,15,18.7046,41.8476,1
451,2004-02-28,23:19:52.799156,15,61.98620570130809,105.044622372535,-1
452,2004-02-28,23:24:18.312227,15,18.6556,41.9147,1
453,2004-02-28,23:27:23.883757,15,18.6066,41.9818,1
454,2004-02-28,23:27:48.708077,15,18.5968,42.0154,1
455,2004-02-28,23:28:22.457955,15,18.5772,42.0154,1
456,2004-02-28,23:30:51.325057,15,18.5674,42.0154,1
457,2004-02-28,23:31:18.703858,15,18.5772,41.9818,1
458,2004-02-28,23:31:49.464357,15,18.5576,42.0489,1
459,2004-02-28,23:34:19.220208,15,18.5184,42.0489,1
460,2004-02-28,23:35:48.081066,15,18.5282,42.0489,1
461,2004-02-28,23:37:18.086559,15,18.4988,42.0824,1
462,2004-02-28,23:38:20.017896,15,18.4988,42.11600000000001,1
463,2004-02-28,23:38:48.126923,15,18.4792,42.0489,1
464,2004-02-28,23:39:21.694117,15,18.4988,42.11600000000001,1
465,2004-02-28,23:39:48.083852,15,18.4792,42.0824,1
466,2004-02-28,23:40:22.071846,15,18.489,42.0489,1
467,2004-02-28,23:40:48.549863,15,18.4792,42.11600000000001,1
468,2004-02-28,23:41:18.927597,15,18.4792,42.11600000000001,1
469,2004-02-28,23:42:18.097706,15,53.47720427733141,99.17961018751339,-1
470,2004-02-28,23:43:23.301172,15,62.749999180756916,97.57696809438207,-1
471,2004-02-28,23:44:18.782275,15,59.904443320354076,106.59381891494502,-1
472,2004-02-28,23:44:49.08282,15,48.685292491578394,98.263138423799,-1
473,2004-02-28,23:45:52.467692,15,18.4302,42.11600000000001,1
474,2004-02-28,23:46:24.217453,15,18.4302,42.11600000000001,1
475,2004-02-28,23:46:52.455655,15,18.4204,42.11600000000001,1
476,2004-02-28,23:49:21.800316,15,18.4204,42.183,1
477,2004-02-28,23:51:18.99055,15,18.391,42.1495,1
478,2004-02-28,23:51:50.158845,15,18.3812,42.183,1
479,2004-02-28,23:52:20.766396,15,65.84519131038324,104.04289914622515,-1
480,2004-02-28,23:52:49.127453,15,18.3812,42.2165,1
481,2004-02-28,23:56:19.242294,15,18.342,42.2165,1
482,2004-02-28,23:58:48.877588,15,18.3322,42.2165,1
483,2004-02-28,23:59:24.942972,15,18.3224,42.2165,1
484,2004-02-29,00:01:24.252832,15,18.3028,42.25,1
485,2004-02-29,00:02:49.487922,15,18.3126,42.25,1
486,2004-02-29,00:04:52.15211,15,18.293,42.25,1
487,2004-02-29,00:05:18.322952,15,18.2734,42.2835,1
488,2004-02-29,00:08:18.195782,15,48.47987861910024,93.18851175162163,-1
489,2004-02-29,00:11:18.305306,15,18.2244,42.38399999999999,1
490,2004-02-29,00:11:49.178445,15,18.2342,42.3505,1
491,2004-02-29,00:12:22.310021,15,18.2244,42.38399999999999,1
492,2004-02-29,00:13:18.870046,15,18.2146,42.38399999999999,1
493,2004-02-29,00:13:48.725368,15,18.2048,42.38399999999999,1
494,2004-02-29,00:14:22.494856,15,18.195,42.38399999999999,1
495,2004-02-29,00:15:22.624087,15,18.1656,42.4509,1
496,2004-02-29,00:19:19.077937,15,48.97212643870587,99.25791983506207,-1
497,2004-02-29,00:20:18.686065,15,18.1558,42.4509,1
498,2004-02-29,00:21:20.310359,15,18.146,42.4509,1
499,2004-02-29,00:21:50.637082,15,18.1362,42.4509,1
500,2004-02-29,00:22:18.207803,15,18.1362,42.4509,1
501,2004-02-29,00:23:19.550029,15,18.146,42.4509,1
502,2004-02-29,00:25:20.634518,15,18.1068,42.4844,1
503,2004-02-29,00:25:50.028254,15,18.1166,42.4509,1
504,2004-02-29,00:29:18.964456,15,18.1166,42.4844,1
505,2004-02-29,00:29:52.133395,15,18.1068,42.4844,1
506,2004-02-29,00:30:18.255803,15,64.09437806611783,90.97626361173096,-1
507,2004-02-29,00:33:19.690476,15,18.097,42.4509,1
508,2004-02-29,00:34:52.466748,15,18.0676,42.5178,1
509,2004-02-29,00:36:22.556717,15,18.0578,42.5847,1
510,2004-02-29,00:38:18.239559,15,18.0578,42.5513,1
511,2004-02-29,00:38:48.461156,15,18.0578,42.5178,1
512,2004-02-29,00:39:19.237061,15,18.048,42.5847,1
513,2004-02-29,00:41:48.253018,15,18.0284,42.5847,1
514,2004-02-29,00:43:22.19366,15,60.12111905044178,108.14039623735492,-1
515,2004-02-29,00:43:48.881467,15,17.9892,42.6516,1
516,2004-02-29,00:44:51.986026,15,17.9696,42.6516,1
517,2004-02-29,00:47:23.463212,15,17.9304,42.7185,1
518,2004-02-29,00:47:54.540368,15,17.9206,42.7519,1
519,2004-02-29,00:49:23.83223,15,17.9108,42.7185,1
520,2004-02-29,00:49:48.979269,15,17.9108,42.7853,1
521,2004-02-29,00:50:19.113234,15,17.9108,42.7519,1
522,2004-02-29,00:50:55.53012,15,17.9108,42.7185,1
523,2004-02-29,00:51:18.74924,15,17.8912,42.7853,1
524,2004-02-29,00:52:20.679582,15,17.8716,42.7853,1
525,2004-02-29,00:53:18.155866,15,17.8716,42.8521,1
526,2004-02-29,00:53:48.157923,15,17.852,42.8521,1
527,2004-02-29,00:54:21.868608,15,17.8422,42.8521,1
528,2004-02-29,00:55:18.924999,15,17.8324,42.8855,1
529,2004-02-29,00:57:19.180738,15,17.8128,42.9189,1
530,2004-02-29,01:05:54.612824,15,17.7148,43.1191,1
531,2004-02-29,01:07:18.183918,15,59.108615877449786,91.40298456351182,-1
532,2004-02-29,01:09:49.065511,15,17.6756,43.1858,1
533,2004-02-29,01:10:23.872601,15,17.6756,43.1858,1
534,2004-02-29,01:11:19.237031,15,17.656,43.1858,1
535,2004-02-29,01:14:18.459612,15,17.6266,43.2525,1
536,2004-02-29,01:15:48.676771,15,17.6168,43.2525,1
537,2004-02-29,01:16:49.48713,15,17.6168,43.2525,1
538,2004-02-29,01:17:23.73726,15,17.6266,43.2525,1
539,2004-02-29,01:24:18.993489,15,17.558,43.3525,1
540,2004-02-29,01:25:23.357708,15,17.5384,43.4524,1
541,2004-02-29,01:32:19.084512,15,17.4796,43.519,1
542,2004-02-29,01:33:51.134578,15,17.4796,43.519,1
543,2004-02-29,01:35:52.891406,15,17.46,43.5855,1
544,2004-02-29,01:36:22.818963,15,17.4698,43.5522,1
545,2004-02-29,01:37:49.330038,15,17.4404,43.6521,1
546,2004-02-29,01:38:19.309567,15,17.4404,43.6521,1
547,2004-02-29,01:38:51.915021,15,17.46,43.5855,1
548,2004-02-29,01:39:18.544176,15,17.4404,43.6521,1
549,2004-02-29,01:40:48.558829,15,17.4208,43.6853,1
550,2004-02-29,01:43:21.688498,15,17.3914,43.7518,1
551,2004-02-29,01:44:22.148966,15,17.4012,43.7851,1
552,2004-02-29,01:44:49.967148,15,17.3816,43.7851,1
553,2004-02-29,01:45:50.430203,15,17.3816,43.7851,1
554,2004-02-29,01:46:23.580288,15,17.3718,43.7851,1
555,2004-02-29,01:46:48.288018,15,17.362000000000002,43.7851,1
556,2004-02-29,01:47:21.124165,15,17.3718,43.8183,1
557,2004-02-29,01:48:19.532498,15,17.3424,43.8848,1
558,2004-02-29,01:49:22.608284,15,17.362000000000002,43.8515,1
559,2004-02-29,01:50:20.268383,15,17.3424,43.918,1
560,2004-02-29,01:50:55.624817,15,17.3228,43.918,1
561,2004-02-29,01:51:23.672252,15,63.3061494678097,102.50512479198633,-1
562,2004-02-29,01:51:51.56591,15,17.3228,43.918,1
563,2004-02-29,01:52:19.01363,15,17.3228,43.9512,1
564,2004-02-29,01:52:53.823628,15,17.3228,43.8848,1
565,2004-02-29,01:54:54.137439,15,17.3032,43.9844,1
566,2004-02-29,01:55:23.170558,15,17.3032,44.0176,1
567,2004-02-29,01:55:54.572662,15,17.3032,44.0176,1
568,2004-02-29,01:58:22.929196,15,17.2836,44.0508,1
569,2004-02-29,01:58:48.588491,15,17.2738,44.0508,1
570,2004-02-29,01:59:18.560182,15,17.2738,44.1172,1
571,2004-02-29,02:00:19.39095,15,17.2738,44.1172,1
572,2004-02-29,02:00:52.942529,15,17.264,44.1172,1
573,2004-02-29,02:02:55.017558,15,52.459429828269975,100.0458943213501,-1
574,2004-02-29,02:03:49.306536,15,63.764309472365795,109.29500345043054,-1
575,2004-02-29,02:06:19.373007,15,17.215,44.2499,1
576,2004-02-29,02:06:49.460399,15,17.1856,44.2831,1
577,2004-02-29,02:09:53.128477,15,17.1954,44.2499,1
578,2004-02-29,02:10:19.540064,15,17.1856,44.3494,1
579,2004-02-29,02:11:49.339255,15,17.166,44.3162,1
580,2004-02-29,02:14:48.750965,15,17.1464,44.3494,1
581,2004-02-29,02:17:21.643792,15,17.1366,44.4157,1
582,2004-02-29,02:17:51.896639,15,17.1268,44.3494,1
583,2004-02-29,02:18:19.373966,15,17.1366,44.3494,1
584,2004-02-29,02:18:54.489345,15,17.1072,44.3825,1
585,2004-02-29,02:20:23.099268,15,17.1072,44.4488,1
586,2004-02-29,02:20:48.372427,15,17.1268,44.3825,1
587,2004-02-29,02:21:49.335791,15,51.02763791925261,106.21542750522966,-1
588,2004-02-29,02:22:19.009412,15,17.1072,44.4157,1
589,2004-02-29,02:22:53.985152,15,17.1072,44.5151,1
590,2004-02-29,02:23:52.94672,15,17.0876,44.5151,1
591,2004-02-29,02:28:48.617279,15,17.0288,44.6144,1
592,2004-02-29,02:30:50.554225,15,17.0092,44.6806,1
593,2004-02-29,02:32:26.390347,15,16.9896,44.7467,1
594,2004-02-29,02:33:19.13605,15,16.9896,44.7137,1
595,2004-02-29,02:35:49.036297,15,16.9504,44.7798,1
596,2004-02-29,02:37:18.599551,15,16.9308,44.846,1
597,2004-02-29,02:37:52.498302,15,16.9308,44.879,1
598,2004-02-29,02:38:48.429186,15,16.9112,44.9451,1
599,2004-02-29,02:39:23.234057,15,16.9014,44.9782,1
600,2004-02-29,02:39:49.429156,15,16.9112,44.9451,1
601,2004-02-29,02:40:49.048308,15,64.65754873726202,91.4912381458642,-1
602,2004-02-29,02:41:54.04342,15,16.8916,45.0442,1
603,2004-02-29,02:42:23.409317,15,16.8916,45.0112,1
604,2004-02-29,02:44:52.644716,15,66.78556204964991,107.42760160952338,-1
605,2004-02-29,02:46:19.145521,15,68.00555183483388,101.73980333881019,-1
606,2004-02-29,02:52:48.576153,15,16.7838,45.4072,1
607,2004-02-29,02:55:18.89219,15,16.7838,45.4402,1
608,2004-02-29,02:55:49.23282,15,16.774,45.4402,1
609,2004-02-29,02:56:54.634903,15,16.774,45.4402,1
610,2004-02-29,02:58:18.469774,15,16.7642,45.4072,1
611,2004-02-29,02:59:24.39434,15,16.7544,45.4072,1
612,2004-02-29,02:59:50.120942,15,16.7544,45.4072,1
613,2004-02-29,03:00:50.092939,15,16.7544,45.4732,1
614,2004-02-29,03:01:19.168211,15,16.7348,45.572,1
615,2004-02-29,03:03:48.884011,15,16.7348,45.5061,1
616,2004-02-29,03:04:55.693895,15,16.7348,45.4732,1
617,2004-02-29,03:07:49.573438,15,16.7054,45.6708,1
618,2004-02-29,03:09:21.610417,15,16.6956,45.7037,1
619,2004-02-29,03:13:19.532399,15,16.6662,45.7695,1
620,2004-02-29,03:13:55.907044,15,16.676,45.6379,1
621,2004-02-29,03:14:49.46239,15,57.369820389413974,95.34335604147367,-1
622,2004-02-29,03:15:56.261147,15,61.6468854257098,109.19192252949178,-1
623,2004-02-29,03:16:27.094969,15,16.6662,45.6379,1
624,2004-02-29,03:16:54.248483,15,16.6662,45.6379,1
625,2004-02-29,03:17:19.138295,15,16.6662,45.7695,1
626,2004-02-29,03:18:24.603884,15,16.676,45.7037,1
627,2004-02-29,03:20:23.845466,15,16.6564,45.7037,1
628,2004-02-29,03:23:20.079464,15,16.6564,45.6049,1
629,2004-02-29,03:25:25.073352,15,16.627,45.7037,1
630,2004-02-29,03:28:50.474734,15,16.6172,45.7366,1
631,2004-02-29,03:29:49.65241,15,16.6368,45.7366,1
632,2004-02-29,03:30:52.908774,15,16.6368,45.6708,1
633,2004-02-29,03:31:56.783578,15,16.627,45.7366,1
634,2004-02-29,03:32:18.431474,15,16.6172,45.8024,1
635,2004-02-29,03:34:25.485247,15,16.6074,45.934,1
636,2004-02-29,03:36:18.806834,15,16.5878,45.9011,1
637,2004-02-29,03:36:58.461555,15,16.578,45.9997,1
638,2004-02-29,03:38:55.494441,15,16.5486,46.0655,1
639,2004-02-29,03:39:23.752043,15,16.5486,46.0326,1
640,2004-02-29,03:40:48.718589,15,16.5486,46.0655,1
641,2004-02-29,03:41:49.477589,15,16.5388,46.0655,1
642,2004-02-29,03:42:19.307708,15,41.08057977397067,102.58022931096357,-1
643,2004-02-29,03:43:23.783079,15,16.5388,46.0655,1
644,2004-02-29,03:43:49.460665,15,16.529,46.2297,1
645,2004-02-29,03:45:50.225024,15,16.4996,46.2297,1
646,2004-02-29,03:46:18.356854,15,16.5192,46.164,1
647,2004-02-29,03:48:49.649211,15,16.48,46.2297,1
648,2004-02-29,03:49:19.544016,15,16.48,46.2625,1
649,2004-02-29,03:49:49.01033,15,66.39299294722296,109.95547420695182,-1
650,2004-02-29,03:50:23.541207,15,16.48,46.4265,1
651,2004-02-29,03:51:18.488353,15,16.48,46.3609,1
652,2004-02-29,03:52:50.901726,15,16.48,46.4265,1
653,2004-02-29,03:53:49.005107,15,16.4702,46.5249,1
654,2004-02-29,03:55:18.429413,15,16.4604,46.4265,1
655,2004-02-29,03:56:18.430616,15,16.4702,46.3609,1
656,2004-02-29,03:56:51.107805,15,16.4702,46.4593,1
657,2004-02-29,04:02:48.440916,15,16.4408,46.4593,1
658,2004-02-29,04:04:22.501571,15,16.4408,46.5577,1
659,2004-02-29,04:05:48.507267,15,16.4212,46.6232,1
660,2004-02-29,04:06:18.510744,15,16.4212,46.6232,1
661,2004-02-29,04:07:22.893693,15,16.4212,46.5249,1
662,2004-02-29,04:08:50.596595,15,59.87989314139871,99.27881026373782,-1
663,2004-02-29,04:09:54.826319,15,16.4016,46.6232,1
664,2004-02-29,04:11:51.263015,15,16.3918,46.6232,1
665,2004-02-29,04:14:48.531823,15,16.382,46.8197,1
666,2004-02-29,04:17:19.657823,15,16.3624,46.7542,1
667,2004-02-29,04:18:26.275482,15,16.333,46.8851,1
668,2004-02-29,04:18:49.565007,15,16.3232,46.8851,1
669,2004-02-29,04:19:49.5291,15,16.333,46.8524,1
670,2004-02-29,04:22:57.289143,15,16.3428,46.8197,1
671,2004-02-29,04:25:27.428543,15,16.333,46.9178,1
672,2004-02-29,04:25:55.04743,15,16.3232,46.8851,1
673,2004-02-29,04:26:50.05106,15,52.26200705571844,109.86832335415035,-1
674,2004-02-29,04:29:22.20469,15,16.3134,46.9832,1
675,2004-02-29,04:29:56.583636,15,16.2938,47.0159,1
676,2004-02-29,04:31:18.839764,15,16.2938,47.0159,1
677,2004-02-29,04:31:54.389745,15,16.3036,47.0159,1
678,2004-02-29,04:33:23.755725,15,16.284000000000002,47.0813,1
679,2004-02-29,04:33:50.063622,15,59.64917408389104,93.65102777206152,-1
680,2004-02-29,04:35:21.439499,15,16.2742,47.114,1
681,2004-02-29,04:35:49.279595,15,16.2742,47.2773,1
682,2004-02-29,04:40:49.55251,15,52.85175230704848,110.40903225123014,-1
683,2004-02-29,04:42:19.798985,15,61.748417195307525,98.7309512625861,-1
684,2004-02-29,04:42:48.627792,15,16.2252,47.31,1
685,2004-02-29,04:47:21.956093,15,16.2252,47.4079,1
686,2004-02-29,04:49:25.068323,15,16.2154,47.2447,1
687,2004-02-29,04:50:49.528871,15,16.2056,47.3426,1
688,2004-02-29,04:51:19.225533,15,54.19330514457735,127.55681477351683,-1
689,2004-02-29,04:52:19.632023,15,16.186,47.6035,1
690,2004-02-29,04:52:49.555901,15,16.186,47.5383,1
691,2004-02-29,04:54:50.415633,15,16.1762,47.4731,1
692,2004-02-29,04:58:19.985787,15,55.668432689397086,109.15804059520279,-1
693,2004-02-29,04:59:19.55412,15,48.613637028632205,102.46050889658349,-1
694,2004-02-29,05:00:49.15993,15,55.214294361592835,103.15560356923913,-1
695,2004-02-29,05:02:54.377602,15,16.1664,47.4731,1
696,2004-02-29,05:03:19.333181,15,16.1566,47.6035,1
697,2004-02-29,05:04:51.077243,15,16.137,47.6035,1
698,2004-02-29,05:05:20.712718,15,16.137,47.6361,1
699,2004-02-29,05:05:53.162247,15,16.1272,47.5057,1
700,2004-02-29,05:07:19.750523,15,16.1174,47.7013,1
701,2004-02-29,05:07:57.233608,15,16.1076,47.6361,1
702,2004-02-29,05:08:24.387254,15,16.1076,47.6035,1
703,2004-02-29,05:08:48.577695,15,16.1076,47.6687,1
704,2004-02-29,05:09:21.670897,15,37.73119810788562,117.43316462269846,-1
705,2004-02-29,05:11:19.182954,15,16.1076,47.6035,1
706,2004-02-29,05:11:48.572551,15,16.0978,47.6687,1
707,2004-02-29,05:14:18.669319,15,16.1076,47.7338,1
708,2004-02-29,05:15:20.24876,15,16.0978,47.7338,1
709,2004-02-29,05:15:49.126459,15,16.1076,47.799,1
710,2004-02-29,05:19:18.604827,15,16.0488,47.9292,1
711,2004-02-29,05:21:21.151081,15,16.0488,47.8641,1
712,2004-02-29,05:21:48.961839,15,16.0488,47.8641,1
713,2004-02-29,05:23:22.72524,15,52.581580585128165,94.95777618171562,-1
714,2004-02-29,05:24:48.609401,15,55.34743853419547,100.67155595061746,-1
715,2004-02-29,05:25:56.842869,15,16.0292,47.9617,1
716,2004-02-29,05:26:19.093722,15,16.0096,48.0593,1
717,2004-02-29,05:26:48.613528,15,16.0194,47.9942,1
718,2004-02-29,05:27:55.097258,15,15.9998,48.1568,1
719,2004-02-29,05:28:19.713556,15,16.0096,48.0267,1
720,2004-02-29,05:32:49.219276,15,15.99,48.0593,1
721,2004-02-29,05:33:49.367574,15,15.99,48.0593,1
722,2004-02-29,05:35:49.463825,15,15.9704,48.1243,1
723,2004-02-29,05:36:56.157727,15,15.9606,48.1568,1
724,2004-02-29,05:38:49.758914,15,15.9508,48.1893,1
725,2004-02-29,05:39:49.818688,15,15.9508,48.2543,1
726,2004-02-29,05:40:26.722947,15,15.9606,48.1893,1
727,2004-02-29,05:41:19.312342,15,15.9508,48.2543,1
728,2004-02-29,05:42:19.904187,15,15.9508,48.1243,1
729,2004-02-29,05:44:48.893001,15,15.9312,48.2867,1
730,2004-02-29,05:45:57.035238,15,15.9116,48.2867,1
731,2004-02-29,05:46:27.220022,15,15.9312,48.1893,1
732,2004-02-29,05:50:52.603426,15,15.8822,48.449,1
733,2004-02-29,05:53:19.447822,15,15.8724,48.5788,1
734,2004-02-29,05:55:18.857494,15,15.8528,48.449,1
735,2004-02-29,05:57:19.663385,15,15.8528,48.5788,1
736,2004-02-29,06:01:48.751084,15,15.8234,48.676,1
737,2004-02-29,06:02:18.873644,15,15.8332,48.6112,1
738,2004-02-29,06:03:48.932723,15,15.8136,48.6112,1
739,2004-02-29,06:04:28.992328,15,15.8136,48.5788,1
740,2004-02-29,06:07:52.90832,15,15.794,48.6112,1
741,2004-02-29,06:09:19.635738,15,15.8136,48.7408,1
742,2004-02-29,06:11:56.956678,15,15.7744,48.7084,1
743,2004-02-29,06:13:52.426653,15,15.7744,48.838,1
744,2004-02-29,06:15:48.859587,15,15.7646,48.838,1
745,2004-02-29,06:16:56.048641,15,15.7548,48.9027,1
746,2004-02-29,06:17:21.960338,15,15.7548,48.7732,1
747,2004-02-29,06:18:23.332657,15,58.99788530156373,110.84664956056398,-1
748,2004-02-29,06:18:55.251743,15,70.29877849269168,106.39921323100546,-1
749,2004-02-29,06:19:18.871186,15,60.352544501688804,108.9555966967196,-1
750,2004-02-29,06:30:18.795611,15,15.7352,48.9998,1
751,2004-02-29,06:31:24.768677,15,15.7352,48.8704,1
752,2004-02-29,06:36:21.289448,15,16.088,47.9942,1
753,2004-02-29,06:39:19.32575,15,16.1566,47.8315,1
754,2004-02-29,06:39:50.042053,15,16.1566,47.7338,1
755,2004-02-29,06:40:52.568399,15,16.1664,47.7338,1
756,2004-02-29,06:43:49.702606,15,15.9606,48.3517,1
757,2004-02-29,06:44:19.758721,15,15.9116,48.4166,1
758,2004-02-29,06:45:19.5019,15,15.8724,48.6436,1
759,2004-02-29,06:45:50.924346,15,15.8528,48.7084,1
760,2004-02-29,06:46:18.872042,15,15.8332,48.7084,1
761,2004-02-29,06:47:49.3012,15,15.794,48.8056,1
762,2004-02-29,06:48:19.525578,15,15.7744,48.9027,1
763,2004-02-29,06:50:19.574465,15,59.357410530028616,108.21749809439768,-1
764,2004-02-29,06:51:48.7178,15,15.7548,49.0645,1
765,2004-02-29,06:52:50.078671,15,15.7548,49.0322,1
766,2004-02-29,06:53:22.712859,15,15.7352,49.0969,1
767,2004-02-29,06:53:49.611485,15,15.7352,49.0322,1
768,2004-02-29,06:54:48.970835,15,15.745,49.0645,1
769,2004-02-29,06:55:18.73281,15,15.7352,49.0969,1
770,2004-02-29,06:56:19.795722,15,15.7352,49.0969,1
771,2004-02-29,06:56:49.392982,15,15.7156,49.1615,1
772,2004-02-29,06:57:49.301447,15,15.7156,49.1615,1
773,2004-02-29,06:58:23.22435,15,15.7254,49.1938,1
774,2004-02-29,06:59:51.25214,15,15.7156,49.2585,1
775,2004-02-29,07:00:24.89422,15,15.7156,49.1615,1
776,2004-02-29,07:00:55.895274,15,15.7156,49.1615,1
777,2004-02-29,07:03:19.665786,15,15.7058,49.1938,1
778,2004-02-29,07:03:49.39741,15,15.7352,49.2262,1
779,2004-02-29,07:06:20.866491,15,15.7156,49.2585,1
780,2004-02-29,07:06:49.497238,15,15.696,49.2262,1
781,2004-02-29,07:07:48.764367,15,15.696,49.2908,1
782,2004-02-29,07:08:19.001146,15,15.696,49.2908,1
783,2004-02-29,07:09:51.53358,15,15.6862,49.2262,1
784,2004-02-29,07:10:53.197979,15,61.60133139689966,121.94976507839166,-1
785,2004-02-29,07:11:50.147609,15,15.696,49.2262,1
786,2004-02-29,07:12:21.138721,15,51.05793321637482,105.0849532903163,-1
787,2004-02-29,07:13:51.045642,15,42.542154337365986,126.89872705905748,-1
788,2004-02-29,07:14:24.402918,15,15.7156,49.2908,1
789,2004-02-29,07:15:22.708727,15,15.7156,49.2585,1
790,2004-02-29,07:15:48.913359,15,65.6038909137102,110.88497218214951,-1
791,2004-02-29,07:17:19.568894,15,15.7156,49.2262,1
792,2004-02-29,07:21:19.835156,15,15.7352,49.0969,1
793,2004-02-29,07:24:24.563442,15,15.745,49.0969,1
794,2004-02-29,07:26:49.381414,15,15.7744,49.1615,1
795,2004-02-29,07:28:20.115055,15,15.7646,49.0969,1
796,2004-02-29,07:32:53.445075,15,15.794,48.9998,1
797,2004-02-29,07:37:49.568429,15,15.843,48.9027,1
798,2004-02-29,07:40:54.812134,15,15.8528,48.9351,1
799,2004-02-29,07:42:20.962235,15,15.8724,48.838,1
800,2004-02-29,07:44:26.164486,15,15.8822,48.8056,1
801,2004-02-29,07:46:55.209582,15,15.9018,48.7732,1
802,2004-02-29,07:47:19.437524,15,15.9116,48.6436,1
803,2004-02-29,07:49:25.99722,15,15.9214,48.7084,1
804,2004-02-29,07:50:58.513058,15,67.06850495097896,112.09605032788622,-1
805,2004-02-29,15:29:27.692287,15,20.8312,42.0154,1
806,2004-02-29,15:41:22.346763,15,20.6058,42.3505,1
807,2004-02-29,15:42:59.465797,15,20.6254,42.317,1
808,2004-02-29,15:43:31.93968,15,20.6254,42.183,1
809,2004-02-29,15:44:52.871578,15,20.6646,42.1495,1
810,2004-02-29,15:45:31.628434,15,20.7332,41.9483,1
811,2004-02-29,15:45:51.581772,15,20.743,41.8812,1
812,2004-02-29,15:47:28.68789,15,20.7136,41.7805,1
813,2004-02-29,15:47:59.176073,15,44.496348625704535,105.04735405999563,-1
814,2004-02-29,15:48:52.022096,15,20.5862,42.11600000000001,1
815,2004-02-29,15:49:57.082762,15,20.5372,42.183,1
816,2004-02-29,15:58:59.091153,15,20.4098,42.3505,1
817,2004-02-29,15:59:20.691007,15,20.4098,42.3505,1
818,2004-02-29,15:59:49.969829,15,20.3804,42.38399999999999,1
819,2004-02-29,16:00:59.135549,15,59.79764469163723,96.63801867952697,-1
820,2004-02-29,16:02:25.677781,15,67.89315571836926,102.30341014942573,-1
821,2004-02-29,16:02:52.189368,15,20.3804,42.3505,1
822,2004-02-29,16:03:49.624527,15,20.3804,42.38399999999999,1
823,2004-02-29,16:07:23.786043,15,20.3314,42.4509,1
824,2004-02-29,16:07:49.75334,15,20.302,42.4509,1
825,2004-02-29,16:09:27.710074,15,20.2824,42.5513,1
826,2004-02-29,16:09:52.402685,15,57.031273240588746,91.46438825696183,-1
827,2004-02-29,16:12:55.625095,15,20.253,42.5178,1
828,2004-02-29,16:16:57.365454,15,20.2236,42.5847,1
829,2004-02-29,16:20:24.786005,15,20.1844,42.6516,1
830,2004-02-29,16:21:59.860334,15,20.1746,42.6182,1
831,2004-02-29,16:23:25.81471,15,20.1648,42.6516,1
832,2004-02-29,16:25:32.641674,15,20.1648,42.6516,1
833,2004-02-29,16:25:50.815728,15,20.1452,42.6516,1
834,2004-02-29,16:29:53.181974,15,20.1256,42.6516,1
835,2004-02-29,16:31:32.867987,15,20.106,42.685,1
836,2004-02-29,16:34:56.628529,15,20.4,42.0154,1
837,2004-02-29,16:37:05.915759,15,20.4588,41.8476,1
838,2004-02-29,16:40:57.087842,15,20.449,41.7805,1
839,2004-02-29,16:41:25.450144,15,20.4588,41.7133,1
840,2004-02-29,16:42:26.819571,15,20.4588,41.7133,1
841,2004-02-29,16:42:54.61131,15,20.449,41.7805,1
842,2004-02-29,16:43:28.729837,15,63.04718174373485,98.71055069903451,-1
843,2004-02-29,16:43:58.353635,15,51.87036874184353,107.61833167094244,-1
844,2004-02-29,16:47:25.677935,15,20.4294,41.7133,1
845,2004-02-29,16:49:29.184816,15,20.4294,41.7469,1
846,2004-02-29,16:49:53.465601,15,20.4098,41.7469,1
847,2004-02-29,16:51:30.147988,15,66.83902285193514,109.90213943138363,-1
848,2004-02-29,16:53:50.247306,15,20.351,41.8476,1
849,2004-02-29,16:55:54.680319,15,20.1452,42.2835,1
850,2004-02-29,16:57:50.769922,15,20.0276,42.5178,1
851,2004-02-29,16:59:21.71257,15,19.9884,42.6182,1
852,2004-02-29,16:59:52.833471,15,19.9884,42.685,1
853,2004-02-29,17:00:26.568173,15,19.9786,42.6516,1
854,2004-02-29,17:00:54.245724,15,19.9786,42.6516,1
855,2004-02-29,17:01:20.332051,15,19.9786,42.5847,1
856,2004-02-29,17:01:56.467684,15,19.9688,42.6516,1
857,2004-02-29,17:02:19.631085,15,19.9786,42.6516,1
858,2004-02-29,17:03:50.087261,15,19.9688,42.7185,1
859,2004-02-29,17:05:00.397841,15,19.9688,42.6182,1
860,2004-02-29,17:05:59.936014,15,19.9492,42.7185,1
861,2004-02-29,17:07:00.588086,15,19.9296,42.685,1
862,2004-02-29,17:07:22.338873,15,19.9296,42.7185,1
863,2004-02-29,17:07:49.647636,15,19.9296,42.7185,1
864,2004-02-29,17:08:24.440943,15,19.9296,42.7519,1
865,2004-02-29,17:10:19.662631,15,19.9394,42.6516,1
866,2004-02-29,17:11:20.536966,15,19.9394,42.6516,1
867,2004-02-29,17:12:50.732025,15,19.9296,42.6516,1
868,2004-02-29,17:13:19.65787,15,19.9198,42.7185,1
869,2004-02-29,17:13:56.235149,15,19.9492,42.7185,1
870,2004-02-29,17:14:31.305798,15,19.9492,42.6516,1
871,2004-02-29,17:14:58.639256,15,19.9296,42.6516,1
872,2004-02-29,17:16:20.475881,15,19.91,42.685,1
873,2004-02-29,17:17:28.966714,15,19.8904,42.6516,1
874,2004-02-29,17:19:20.652736,15,19.8708,42.685,1
875,2004-02-29,17:19:49.677409,15,19.8708,42.685,1
876,2004-02-29,17:20:27.452573,15,19.861,42.685,1
877,2004-02-29,17:20:50.181049,15,19.8708,42.7185,1
878,2004-02-29,17:21:24.191996,15,19.861,42.685,1
879,2004-02-29,17:25:32.256089,15,19.8414,42.7185,1
880,2004-02-29,17:26:49.704066,15,19.8218,42.7519,1
881,2004-02-29,17:27:29.682714,15,19.8316,42.7519,1
882,2004-02-29,17:27:49.707017,15,19.8218,42.7185,1
883,2004-02-29,17:28:57.743095,15,19.812,42.7519,1
884,2004-02-29,17:30:26.360685,15,19.812,42.7185,1
885,2004-02-29,17:30:49.717418,15,19.7924,42.7519,1
886,2004-02-29,17:31:24.088116,15,19.8414,42.685,1
887,2004-02-29,17:31:52.533288,15,19.91,42.5178,1
888,2004-02-29,17:32:20.75544,15,19.959,42.5178,1
889,2004-02-29,17:33:25.079686,15,53.99485302480177,92.48281217890664,-1
890,2004-02-29,17:34:20.798806,15,19.9198,42.4844,1
891,2004-02-29,17:35:19.722459,15,19.8708,42.6182,1
892,2004-02-29,17:35:49.846433,15,19.8316,42.6516,1
893,2004-02-29,17:38:24.606753,15,19.7924,42.7185,1
894,2004-02-29,17:38:49.858579,15,19.7728,42.7185,1
895,2004-02-29,17:42:30.905154,15,19.6748,42.9523,1
896,2004-02-29,17:43:57.113829,15,19.665,42.9856,1
897,2004-02-29,17:44:28.107518,15,19.665,43.0524,1
898,2004-02-29,17:45:00.496006,15,19.6552,42.9856,1
899,2004-02-29,17:50:32.09693,15,19.7042,42.8521,1
900,2004-02-29,17:50:53.669906,15,19.7728,42.7185,1
901,2004-02-29,17:55:02.518494,15,19.959,42.25,1
902,2004-02-29,17:56:02.114679,15,19.9688,42.183,1
903,2004-02-29,18:00:49.928462,15,19.91,42.183,1
904,2004-02-29,18:05:29.358159,15,19.8904,42.2165,1
905,2004-02-29,18:07:32.352285,15,19.8218,42.183,1
906,2004-02-29,18:08:01.623205,15,19.8512,42.25,1
907,2004-02-29,18:10:01.879178,15,19.8218,42.183,1
908,2004-02-29,18:10:24.150824,15,19.8022,42.25,1
909,2004-02-29,18:12:04.403408,15,19.8022,42.2165,1
910,2004-02-29,18:12:56.055148,15,19.8022,42.1495,1
911,2004-02-29,18:13:20.094071,15,19.7924,42.317,1
912,2004-02-29,18:16:50.645602,15,56.74055798728168,105.64183405632251,-1
913,2004-02-29,18:17:22.104132,15,60.462398130331856,95.54163412433553,-1
914,2004-02-29,18:18:03.686553,15,62.32517656895611,102.18942553832136,-1
915,2004-02-29,18:19:55.167681,15,64.86098933359031,121.63445312441021,-1
916,2004-02-29,18:22:26.419912,15,19.714,42.25,1
917,2004-02-29,18:22:49.840681,15,19.7042,42.25,1
918,2004-02-29,18:23:20.504637,15,19.6356,42.38399999999999,1
919,2004-02-29,18:26:49.863025,15,19.322,43.0524,1
920,2004-02-29,18:28:19.864123,15,19.2828,43.1191,1
921,2004-02-29,18:28:49.867407,15,19.2828,43.1525,1
922,2004-02-29,18:29:19.867494,15,19.273,43.1525,1
923,2004-02-29,18:29:59.058225,15,19.2436,43.2191,1
924,2004-02-29,18:30:28.641067,15,19.2926,43.1191,1
925,2004-02-29,18:30:56.224818,15,19.3808,42.9189,1
926,2004-02-29,18:33:22.42794,15,19.3514,42.9523,1
927,2004-02-29,18:35:50.138843,15,19.2534,43.1525,1
928,2004-02-29,18:36:28.554193,15,19.2436,43.1858,1
929,2004-02-29,18:36:56.355152,15,19.2436,43.2191,1
930,2004-02-29,18:39:59.343128,15,19.224,43.2191,1
931,2004-02-29,18:41:55.155325,15,19.1946,43.2525,1
932,2004-02-29,18:42:26.000882,15,19.2044,43.2525,1
933,2004-02-29,18:42:55.87788,15,19.2044,43.2191,1
934,2004-02-29,18:43:20.832276,15,60.65733451046956,108.80842715575457,-1
935,2004-02-29,18:43:49.956606,15,19.1848,43.2525,1
936,2004-02-29,18:45:20.974439,15,19.2044,43.3191,1
937,2004-02-29,18:45:58.363659,15,19.1946,43.2858,1
938,2004-02-29,18:48:25.228792,15,19.1946,43.2525,1
939,2004-02-29,18:49:03.747348,15,65.8514905975433,112.50039958988636,-1
940,2004-02-29,18:49:59.251099,15,65.85762702073296,107.90848275353056,-1
941,2004-02-29,18:50:28.21442,15,19.1848,43.3191,1
942,2004-02-29,18:52:03.507842,15,19.3318,42.9189,1
943,2004-02-29,18:52:55.675286,15,19.42,42.7185,1
944,2004-02-29,18:53:21.666206,15,60.49222061519963,93.68338577060183,-1
945,2004-02-29,18:54:51.189218,15,19.5082,42.5178,1
946,2004-02-29,18:55:32.163298,15,19.518,42.4509,1
947,2004-02-29,18:56:50.702327,15,19.5278,42.4509,1
948,2004-02-29,18:57:57.270114,15,19.5376,42.38399999999999,1
949,2004-02-29,18:58:27.533434,15,19.5474,42.3505,1
950,2004-02-29,19:00:32.092755,15,19.5376,42.317,1
951,2004-02-29,19:02:58.440362,15,19.5082,42.38399999999999,1
952,2004-02-29,19:06:23.585641,15,19.518,42.3505,1
953,2004-02-29,19:07:56.918802,15,19.4886,42.4509,1
954,2004-02-29,19:08:51.827962,15,19.4984,42.38399999999999,1
955,2004-02-29,19:10:50.097716,15,19.518,42.3505,1
956,2004-02-29,19:12:28.134529,15,19.518,42.317,1
957,2004-02-29,19:13:01.658406,15,19.4984,42.38399999999999,1
958,2004-02-29,19:14:24.689417,15,19.518,42.2835,1
959,2004-02-29,19:16:26.967834,15,19.5082,42.317,1
960,2004-02-29,19:17:28.145599,15,19.4984,42.317,1
961,2004-02-29,19:18:26.594917,15,19.3906,42.5847,1
962,2004-02-29,19:20:50.854658,15,19.1848,43.1191,1
963,2004-02-29,19:21:20.879992,15,19.1456,43.1191,1
964,2004-02-29,19:21:49.988792,15,19.1456,43.2525,1
965,2004-02-29,19:22:28.700276,15,59.7181449244887,107.81575910906079,-1
966,2004-02-29,19:25:20.002695,15,19.126,43.2858,1
967,2004-02-29,19:25:55.482931,15,19.1456,43.2525,1
968,2004-02-29,19:26:29.244095,15,19.126,43.2191,1
969,2004-02-29,19:27:53.791391,15,19.1064,43.2525,1
970,2004-02-29,19:28:27.988146,15,19.126,43.2525,1
971,2004-02-29,19:28:51.716396,15,19.126,43.3191,1
972,2004-02-29,19:29:20.966959,15,19.1162,43.3191,1
973,2004-02-29,19:30:51.691905,15,19.126,43.2525,1
974,2004-02-29,19:31:20.114015,15,19.126,43.3191,1
975,2004-02-29,19:31:50.468041,15,19.1358,43.2858,1
976,2004-02-29,19:34:21.932365,15,19.1456,43.1858,1
977,2004-02-29,19:34:51.208736,15,19.1456,43.1858,1
978,2004-02-29,19:35:49.895625,15,19.126,43.2191,1
979,2004-02-29,19:36:20.827113,15,19.126,43.1858,1
980,2004-02-29,19:36:59.088269,15,19.1162,43.1858,1
981,2004-02-29,19:37:19.909603,15,19.1064,43.3191,1
982,2004-02-29,19:37:49.912578,15,19.0966,43.2525,1
983,2004-02-29,19:38:20.157959,15,19.1064,43.2191,1
984,2004-02-29,19:39:52.251205,15,19.0966,43.2858,1
985,2004-02-29,19:41:56.12463,15,19.0966,43.2191,1
986,2004-02-29,19:42:22.759389,15,19.1064,43.2191,1
987,2004-02-29,19:43:32.743301,15,19.0868,43.2858,1
988,2004-02-29,19:44:21.874367,15,19.0672,43.2858,1
989,2004-02-29,19:44:50.851742,15,19.0476,43.3191,1
990,2004-02-29,19:46:27.02687,15,19.0574,43.2858,1
991,2004-02-29,19:47:19.933728,15,19.077,43.2525,1
992,2004-02-29,19:48:52.660578,15,19.0574,43.3191,1
993,2004-02-29,19:50:26.590935,15,19.0476,43.3191,1
994,2004-02-29,19:51:02.6005,15,19.0476,43.3525,1
995,2004-02-29,19:51:19.808655,15,19.0476,43.3191,1
996,2004-02-29,19:51:59.146305,15,19.0378,43.3191,1
997,2004-02-29,19:52:31.520289,15,19.0476,43.3191,1
998,2004-02-29,19:53:03.813167,15,19.0476,43.2858,1
999,2004-02-29,19:55:29.463562,15,19.028,43.3191,1
1000,2004-02-29,19:57:27.227592,15,19.028,43.3858,1
1001,2004-02-29,19:58:29.994216,15,19.0378,43.4191,1
1002,2004-02-29,20:04:22.141794,15,19.0476,43.3191,1
1003,2004-02-29,20:06:33.69049,15,40.197459374115766,103.03639612454839,-1
1004,2004-02-29,20:09:25.964728,15,61.186897844822525,100.2127649285764,-1
1005,2004-02-29,21:35:54.149475,15,63.03058076897479,90.69850301899464,-1
1006,2004-02-29,21:36:52.724103,15,64.89080482574754,108.83630690872457,-1
1007,2004-02-29,21:42:27.148293,15,19.175,42.7519,1
1008,2004-02-29,21:46:05.154304,15,19.1652,42.7853,1
1009,2004-02-29,21:49:21.32795,15,19.1848,42.685,1
1010,2004-02-29,21:56:31.877329,15,18.8712,43.4524,1
1011,2004-02-29,21:56:58.514572,15,18.832,43.519,1
1012,2004-02-29,21:58:21.12551,15,18.832,43.6188,1
1013,2004-02-29,22:00:51.714991,15,19.0182,43.1191,1
1014,2004-02-29,22:52:20.375033,15,18.8712,43.4191,1
