1,2004-02-28,00:59:16.790067,32,19.1162,39.1783,1
2,2004-02-28,01:01:16.870067,32,18.734,39.9929,1
3,2004-02-28,01:02:16.541628,32,18.6458,40.399,1
4,2004-02-28,01:08:16.388083,32,18.4498,40.973,1
5,2004-02-28,01:09:46.811121,32,18.4204,40.9392,1
6,2004-02-28,01:10:19.570258,32,18.4204,40.9055,1
7,2004-02-28,01:11:16.842512,32,18.4204,40.9055,1
8,2004-02-28,01:12:16.070624,32,18.4204,40.8381,1
9,2004-02-28,01:13:46.169107,32,18.4204,40.8043,1
10,2004-02-28,01:14:46.900564,32,18.4204,40.8718,1
11,2004-02-28,01:17:16.12343,32,18.4106,40.8381,1
12,2004-02-28,01:17:46.224005,32,18.3812,40.8381,1
13,2004-02-28,01:18:16.625244,32,18.3714,40.7706,1
14,2004-02-28,01:18:46.906356,32,18.3616,40.7706,1
15,2004-02-28,01:20:45.959196,32,18.3518,40.7706,1
16,2004-02-28,01:22:46.609583,32,18.3224,40.8381,1
17,2004-02-28,01:24:16.256451,32,44.108367731478744,109.75436591831131,-1
18,2004-02-28,01:24:46.226963,32,59.568036997799084,95.2776611197055,-1
19,2004-02-28,01:26:46.730239,32,18.2832,40.7368,1
20,2004-02-28,01:27:46.26927,32,18.2832,40.8718,1
21,2004-02-28,01:28:16.016876,32,18.2832,40.8381,1
22,2004-02-28,01:29:46.750059,32,18.293,40.973,1
23,2004-02-28,01:30:16.536429,32,18.3126,41.0404,1
24,2004-02-28,01:30:45.993867,32,62.89024914564834,111.96581384442787,-1
25,2004-02-28,01:31:46.017527,32,51.38464488174172,104.23523069612878,-1
26,2004-02-28,01:32:15.994093,32,18.3224,40.973,1
27,2004-02-28,01:32:46.028314,32,18.3126,40.9392,1
28,2004-02-28,01:33:46.277644,32,18.3224,40.8381,1
29,2004-02-28,01:34:46.875916,32,18.3126,40.8043,1
30,2004-02-28,01:35:16.011114,32,18.3224,40.8043,1
31,2004-02-28,01:42:16.647909,32,18.3028,40.7031,1
32,2004-02-28,01:42:46.280136,32,18.2832,40.6355,1
33,2004-02-28,01:43:16.943008,32,18.2734,40.6355,1
34,2004-02-28,01:44:16.085342,32,18.2832,40.6355,1
35,2004-02-28,01:45:16.551712,32,18.2734,40.7031,1
36,2004-02-28,01:47:16.904166,32,74.57412049142978,108.88599516764602,-1
37,2004-02-28,01:47:46.827484,32,63.515270781263055,110.9778453533286,-1
38,2004-02-28,01:48:46.567994,32,18.2538,40.7706,1
39,2004-02-28,01:51:16.542744,32,18.2538,40.8381,1
40,2004-02-28,01:51:46.133039,32,18.2636,40.8381,1
41,2004-02-28,01:54:16.57719,32,18.2244,40.8381,1
42,2004-02-28,01:55:16.490539,32,18.2146,40.8381,1
43,2004-02-28,01:56:16.614521,32,18.2048,40.8381,1
44,2004-02-28,01:56:46.06257,32,18.2244,40.9055,1
45,2004-02-28,01:57:16.14675,32,18.2048,40.8381,1
46,2004-02-28,01:58:46.165904,32,18.2048,40.7706,1
47,2004-02-28,01:59:46.682616,32,18.195,40.7706,1
48,2004-02-28,02:03:16.452419,32,18.1656,40.7706,1
49,2004-02-28,02:04:46.682953,32,18.1656,40.7706,1
50,2004-02-28,02:05:46.582188,32,18.1656,40.7706,1
51,2004-02-28,02:11:16.493609,32,18.1362,40.9055,1
52,2004-02-28,02:16:16.475031,32,18.1166,40.8718,1
53,2004-02-28,02:17:16.88431,32,18.1166,40.7706,1
54,2004-02-28,02:19:16.752331,32,18.1068,40.7368,1
55,2004-02-28,02:25:16.76823,32,69.86993583156381,99.05474184509902,-1
56,2004-02-28,02:26:16.516881,32,18.0284,40.7031,1
57,2004-02-28,02:27:46.212711,32,18.0382,40.8381,1
58,2004-02-28,02:30:16.23562,32,56.88149422505849,93.51784128444433,-1
59,2004-02-28,02:31:16.444694,32,18.0578,40.8043,1
60,2004-02-28,02:39:16.313614,32,17.999000000000006,40.7368,1
61,2004-02-28,02:44:46.220421,32,17.9304,40.7368,1
62,2004-02-28,02:45:47.019798,32,17.9304,40.7706,1
63,2004-02-28,02:46:16.698754,32,17.9206,40.7368,1
64,2004-02-28,02:48:16.209297,32,17.9304,40.8381,1
65,2004-02-28,02:51:46.225974,32,17.9108,40.9055,1
66,2004-02-28,02:57:47.041611,32,17.8912,40.9055,1
67,2004-02-28,02:58:46.109914,32,17.8912,40.8381,1
68,2004-02-28,02:59:46.310211,32,17.8912,40.7706,1
69,2004-02-28,03:00:46.779064,32,17.8814,40.7706,1
70,2004-02-28,03:03:16.631265,32,17.8716,40.8381,1
71,2004-02-28,03:03:46.276129,32,17.8618,40.8043,1
72,2004-02-28,03:06:46.912384,32,17.8422,40.8043,1
73,2004-02-28,03:09:16.807249,32,17.8226,40.9392,1
74,2004-02-28,03:10:16.172536,32,17.8324,40.9392,1
75,2004-02-28,03:10:46.254057,32,17.8324,40.9055,1
76,2004-02-28,03:13:16.899942,32,17.8128,40.973,1
77,2004-02-28,03:13:46.711524,32,17.8128,40.9055,1
78,2004-02-28,03:14:16.396574,32,17.8128,40.9055,1
79,2004-02-28,03:14:46.334455,32,17.8128,40.9392,1
80,2004-02-28,03:15:16.663585,32,17.8226,40.9055,1
81,2004-02-28,03:18:16.883884,32,17.7834,40.8381,1
82,2004-02-28,03:20:46.79419,32,17.7736,40.9055,1
83,2004-02-28,03:22:16.43151,32,17.7834,40.8718,1
84,2004-02-28,03:22:46.375485,32,17.7736,40.8381,1
85,2004-02-28,03:23:46.175408,32,17.7736,40.8381,1
86,2004-02-28,03:27:46.228244,32,17.7442,40.8718,1
87,2004-02-28,03:28:46.697978,32,17.7442,40.9055,1
88,2004-02-28,03:29:46.309883,32,17.7344,40.973,1
89,2004-02-28,03:32:46.255066,32,17.705,41.0404,1
90,2004-02-28,03:33:16.973408,32,17.705,41.0067,1
91,2004-02-28,03:33:46.959186,32,17.705,41.0404,1
92,2004-02-28,03:35:16.997109,32,69.02402197803723,122.82740970339276,-1
93,2004-02-28,03:35:46.941774,32,48.59075455646956,117.45643312163818,-1
94,2004-02-28,03:39:46.728734,32,17.6756,40.973,1
95,2004-02-28,03:42:46.884723,32,17.656,40.973,1
96,2004-02-28,03:43:46.481971,32,17.656,40.973,1
97,2004-02-28,03:45:16.847874,32,17.656,40.9055,1
98,2004-02-28,03:46:17.141609,32,17.656,40.9392,1
99,2004-02-28,03:47:46.363613,32,17.6364,40.9055,1
100,2004-02-28,03:50:46.251481,32,17.6168,41.0404,1
101,2004-02-28,03:53:16.262378,32,17.5972,41.1078,1
102,2004-02-28,03:54:17.031829,32,17.5972,41.0404,1
103,2004-02-28,03:57:17.085679,32,17.5874,41.0404,1
104,2004-02-28,04:00:16.365336,32,17.5678,40.973,1
105,2004-02-28,04:02:47.047329,32,17.558,40.973,1
106,2004-02-28,04:03:46.860481,32,17.558,40.973,1
107,2004-02-28,04:04:16.748374,32,17.5482,41.0067,1
108,2004-02-28,04:04:47.072277,32,17.558,40.973,1
109,2004-02-28,04:05:46.336119,32,17.5482,40.9392,1
110,2004-02-28,04:09:16.32083,32,17.509,41.0404,1
111,2004-02-28,04:11:17.105785,32,17.4796,41.1078,1
112,2004-02-28,04:12:46.454307,32,17.46,41.0404,1
113,2004-02-28,04:13:17.136404,32,17.4698,41.1414,1
114,2004-02-28,04:13:46.949668,32,17.46,41.1078,1
115,2004-02-28,04:15:16.361049,32,17.4502,41.0404,1
116,2004-02-28,04:18:46.908993,32,17.4306,41.1078,1
117,2004-02-28,04:19:16.431662,32,17.4404,41.1078,1
118,2004-02-28,04:21:46.345787,32,17.4208,41.0404,1
119,2004-02-28,04:23:16.790817,32,17.4012,41.0741,1
120,2004-02-28,04:24:47.109623,32,17.3914,41.0404,1
121,2004-02-28,04:25:16.612686,32,17.4012,41.0067,1
122,2004-02-28,04:26:17.168322,32,17.3914,41.0404,1
123,2004-02-28,04:29:16.860174,32,17.362000000000002,41.0741,1
124,2004-02-28,04:29:46.931764,32,64.22639945286693,111.62180779235382,-1
125,2004-02-28,04:30:16.43947,32,59.58335049091517,83.3877432020114,-1
126,2004-02-28,04:31:16.764695,32,17.362000000000002,41.1414,1
127,2004-02-28,04:31:46.982846,32,17.362000000000002,41.1078,1
128,2004-02-28,04:32:16.386762,32,17.3522,41.1078,1
129,2004-02-28,04:33:16.371546,32,17.3522,41.1751,1
130,2004-02-28,04:37:47.136954,32,17.3326,41.0404,1
131,2004-02-28,04:39:47.196792,32,17.3424,40.973,1
132,2004-02-28,04:40:16.470655,32,64.46296605064524,110.52635321904143,-1
133,2004-02-28,04:41:17.170919,32,56.95103016976064,104.65659463554476,-1
134,2004-02-28,04:42:17.03661,32,51.77356931461307,95.36796505974559,-1
135,2004-02-28,04:45:16.315769,32,60.53827869472555,94.70490076866224,-1
136,2004-02-28,04:47:16.316696,32,17.264,41.0404,1
137,2004-02-28,04:47:46.294647,32,17.2542,41.0404,1
138,2004-02-28,04:48:16.550551,32,17.2444,41.1414,1
139,2004-02-28,04:49:16.295956,32,17.2248,41.1751,1
140,2004-02-28,04:50:16.546232,32,17.215,41.2088,1
141,2004-02-28,04:50:46.299988,32,17.2052,41.2088,1
142,2004-02-28,04:51:16.317411,32,17.215,41.2425,1
143,2004-02-28,04:51:47.076272,32,52.909466000231305,99.48230282068818,-1
144,2004-02-28,04:52:46.308886,32,66.61273692955264,100.5272077847028,-1
145,2004-02-28,04:54:47.204372,32,17.2248,41.1078,1
146,2004-02-28,04:57:46.318398,32,17.2052,41.1414,1
147,2004-02-28,04:59:16.819892,32,17.2052,41.0741,1
148,2004-02-28,05:00:16.827545,32,17.215,41.1078,1
149,2004-02-28,05:01:16.486492,32,17.2052,41.0404,1
150,2004-02-28,05:03:47.135217,32,17.1758,41.0741,1
151,2004-02-28,05:04:17.21131,32,17.1758,41.0404,1
152,2004-02-28,05:04:46.837237,32,17.166,41.1078,1
153,2004-02-28,05:05:16.875489,32,17.166,41.0741,1
154,2004-02-28,05:05:47.116903,32,17.166,41.0741,1
155,2004-02-28,05:06:16.503415,32,17.166,41.0741,1
156,2004-02-28,05:07:46.347432,32,17.1562,41.1078,1
157,2004-02-28,05:08:46.366699,32,17.1562,41.1751,1
158,2004-02-28,05:09:46.934137,32,17.1464,41.1078,1
159,2004-02-28,05:10:17.100125,32,17.1366,41.1751,1
160,2004-02-28,05:11:46.357244,32,17.1268,41.1751,1
161,2004-02-28,05:13:16.904753,32,17.1366,41.2088,1
162,2004-02-28,05:14:46.619219,32,17.117,41.1751,1
163,2004-02-28,05:15:17.140698,32,17.1268,41.1751,1
164,2004-02-28,05:16:47.049829,32,17.1268,41.2088,1
165,2004-02-28,05:17:17.127882,32,17.1268,41.0741,1
166,2004-02-28,05:19:47.139198,32,17.1072,41.1414,1
167,2004-02-28,05:22:16.384263,32,17.1072,41.1078,1
168,2004-02-28,05:23:46.808075,32,17.0778,41.0404,1
169,2004-02-28,05:24:47.129982,32,17.0876,41.1078,1
170,2004-02-28,05:25:47.176023,32,17.0876,41.0067,1
171,2004-02-28,05:27:17.244483,32,17.0876,41.1078,1
172,2004-02-28,05:28:47.169596,32,17.0876,41.1751,1
173,2004-02-28,05:29:16.94329,32,17.067999999999998,41.1078,1
174,2004-02-28,05:29:46.922884,32,17.067999999999998,41.1751,1
175,2004-02-28,05:31:16.493183,32,17.067999999999998,41.1751,1
176,2004-02-28,05:33:16.415971,32,17.0386,41.2425,1
177,2004-02-28,05:34:46.66677,32,55.656293952799714,97.56896563267976,-1
178,2004-02-28,05:36:16.458503,32,51.525180956848814,96.68117837696282,-1
179,2004-02-28,05:36:46.431099,32,57.46553701368106,105.17429434089901,-1
180,2004-02-28,05:37:17.022611,32,61.106667679955294,105.08964697742053,-1
181,2004-02-28,05:37:47.232592,32,54.87375590620243,116.72404446714438,-1
182,2004-02-28,05:38:47.148672,32,17.0288,41.2088,1
183,2004-02-28,05:39:17.105485,32,17.0386,41.1751,1
184,2004-02-28,05:40:46.445466,32,17.0092,41.1414,1
185,2004-02-28,05:42:16.588892,32,16.9896,41.1751,1
186,2004-02-28,05:49:16.488893,32,16.97,41.2761,1
187,2004-02-28,05:49:47.260654,32,16.9602,41.2761,1
188,2004-02-28,05:50:16.995857,32,16.9504,41.3098,1
189,2004-02-28,05:52:47.217683,32,16.9504,41.3098,1
190,2004-02-28,05:53:17.30151,32,16.9504,41.3098,1
191,2004-02-28,05:53:47.228439,32,16.9308,41.3098,1
192,2004-02-28,05:55:46.873564,32,16.9406,41.3098,1
193,2004-02-28,05:56:46.86211,32,16.9504,41.3098,1
194,2004-02-28,05:58:17.0059,32,16.9504,41.2425,1
195,2004-02-28,06:03:46.764131,32,16.921,41.2425,1
196,2004-02-28,06:04:46.889626,32,16.9308,41.2088,1
197,2004-02-28,06:08:17.064567,32,16.9014,41.3435,1
198,2004-02-28,06:10:16.596218,32,16.9112,41.3435,1
199,2004-02-28,06:15:17.080688,32,16.8916,41.3098,1
200,2004-02-28,06:16:17.317001,32,16.8916,41.3435,1
201,2004-02-28,06:16:46.626098,32,16.8916,41.3098,1
202,2004-02-28,06:20:17.333271,32,16.8622,41.2425,1
203,2004-02-28,06:20:46.895124,32,16.8524,41.2761,1
204,2004-02-28,06:22:17.076625,32,16.8426,41.3435,1
205,2004-02-28,06:24:46.439045,32,16.8328,41.3098,1
206,2004-02-28,06:27:46.605985,32,16.8132,41.4108,1
207,2004-02-28,06:29:17.220423,32,16.8132,41.4444,1
208,2004-02-28,06:29:46.943955,32,16.8132,41.4444,1
209,2004-02-28,06:30:16.446739,32,16.8132,41.4444,1
210,2004-02-28,06:30:46.703885,32,16.8132,41.3771,1
211,2004-02-28,06:31:16.959745,32,16.8132,41.4444,1
212,2004-02-28,06:31:47.328087,32,16.8132,41.4108,1
213,2004-02-28,06:32:17.121852,32,16.823,41.4444,1
214,2004-02-28,06:34:16.458349,32,16.8426,41.3771,1
215,2004-02-28,06:34:46.469104,32,71.58797852035391,88.13068030929752,-1
216,2004-02-28,06:35:16.502162,32,16.8328,41.3771,1
217,2004-02-28,06:36:16.722241,32,16.823,41.3098,1
218,2004-02-28,06:38:46.720767,32,70.0559457589747,98.37182088405363,-1
219,2004-02-28,06:40:46.984807,32,62.84960287992217,111.34915894209247,-1
220,2004-02-28,06:41:47.364027,32,16.8132,41.3098,1
221,2004-02-28,06:42:16.812449,32,16.8034,41.3098,1
222,2004-02-28,06:46:46.990081,32,16.7936,41.3435,1
223,2004-02-28,06:48:46.526305,32,16.8132,41.3771,1
224,2004-02-28,06:50:47.401608,32,16.8034,41.3771,1
225,2004-02-28,06:51:46.827929,32,16.8034,41.3771,1
226,2004-02-28,06:53:16.583068,32,16.8034,41.3098,1
227,2004-02-28,06:55:47.348932,32,50.79149482927393,89.91883566073028,-1
228,2004-02-28,06:56:17.087029,32,16.7936,41.3771,1
229,2004-02-28,06:56:46.651136,32,16.7838,41.3435,1
230,2004-02-28,06:57:47.320395,32,16.774,41.4108,1
231,2004-02-28,06:58:46.812775,32,16.774,41.4444,1
232,2004-02-28,06:59:16.624761,32,16.7544,41.3771,1
233,2004-02-28,07:00:16.851911,32,16.7642,41.3435,1
234,2004-02-28,07:00:47.014309,32,16.7838,41.3771,1
235,2004-02-28,07:03:16.777459,32,16.774,41.3098,1
236,2004-02-28,07:05:46.709517,32,51.81277812715656,106.91332389932904,-1
237,2004-02-28,07:10:46.592599,32,16.7642,41.3435,1
238,2004-02-28,07:11:16.560884,32,16.774,41.3435,1
239,2004-02-28,07:13:17.315838,32,16.7936,41.3435,1
240,2004-02-28,07:14:16.686713,32,16.8034,41.2761,1
241,2004-02-28,07:15:47.325621,32,16.8328,41.2425,1
242,2004-02-28,07:20:17.343888,32,16.9014,41.0404,1
243,2004-02-28,07:21:47.471985,32,16.9308,41.0067,1
244,2004-02-28,07:22:17.008613,32,16.9504,41.0067,1
245,2004-02-28,07:24:16.718021,32,17.0092,40.8381,1
246,2004-02-28,07:24:47.145039,32,17.0092,40.8381,1
247,2004-02-28,07:26:47.125508,32,17.0778,40.7706,1
248,2004-02-28,07:31:47.387268,32,17.215,40.56800000000001,1
249,2004-02-28,07:34:17.18106,32,17.264,40.4666,1
250,2004-02-28,07:34:47.400211,32,17.2738,40.5004,1
251,2004-02-28,07:36:46.880489,32,17.3228,40.399,1
252,2004-02-28,07:37:17.429673,32,17.3424,40.399,1
253,2004-02-28,07:37:47.138071,32,17.3424,40.4328,1
254,2004-02-28,07:39:17.398015,32,17.4012,40.1622,1
255,2004-02-28,07:40:47.202287,32,42.88139803702374,97.75579915315515,-1
256,2004-02-28,07:50:16.796671,32,18.0284,39.1103,1
257,2004-02-28,07:50:47.424893,32,18.0578,39.0422,1
258,2004-02-28,07:53:17.455189,32,18.2342,38.7016,1
259,2004-02-28,07:56:17.301275,32,18.4302,38.1897,1
260,2004-02-28,07:56:46.93815,32,18.4792,38.1213,1
261,2004-02-28,07:57:46.723339,32,18.538,37.9845,1
262,2004-02-28,07:58:16.716092,32,18.5674,37.9161,1
263,2004-02-28,07:59:46.742691,32,18.6556,37.7107,1
264,2004-02-28,08:00:17.215304,32,18.685,37.6765,1
265,2004-02-28,08:02:46.79631,32,18.8712,37.2993,1
266,2004-02-28,08:03:47.19697,32,18.93,37.2307,1
267,2004-02-28,08:05:17.344541,32,19.0182,37.059,1
268,2004-02-28,08:05:47.103236,32,19.0378,36.9559,1
269,2004-02-28,08:06:16.852046,32,19.077,36.9559,1
270,2004-02-28,08:09:46.868326,32,19.273,36.5085,1
271,2004-02-28,08:10:16.6373,32,19.3024,36.4741,1
272,2004-02-28,08:15:47.415411,32,64.66203042441336,100.85472386144333,-1
273,2004-02-28,08:16:47.01869,32,59.664626673148035,101.82804056835197,-1
274,2004-02-28,08:18:17.321087,32,19.714,35.5764,1
275,2004-02-28,08:18:48.583305,32,19.7336,35.5418,1
276,2004-02-28,08:24:16.880711,32,19.9884,35.1609,1
277,2004-02-28,08:28:48.337084,32,20.2628,34.7445,1
278,2004-02-28,08:29:17.053557,32,20.2922,34.6403,1
279,2004-02-28,08:30:47.60761,32,20.3804,34.536,1
280,2004-02-28,08:31:47.108922,32,20.449,34.3621,1
281,2004-02-28,08:38:46.963112,32,20.8116,33.8396,1
282,2004-02-28,08:43:17.610838,32,20.939,33.5604,1
283,2004-02-28,08:43:47.083591,32,20.9488,33.5604,1
284,2004-02-28,08:45:16.834618,32,21.0272,33.4905,1
285,2004-02-28,08:47:17.503686,32,21.135,33.3158,1
286,2004-02-28,08:55:47.253544,32,21.5172,32.6855,1
287,2004-02-28,08:58:47.493107,32,21.6544,32.5102,1
288,2004-02-28,09:06:46.760894,32,64.37350965355463,100.06185073384435,-1
289,2004-02-28,09:09:17.121484,32,22.1542,31.772,1
290,2004-02-28,09:10:16.770949,32,22.213,31.6664,1
291,2004-02-28,09:18:17.536923,32,22.5952,31.1727,1
292,2004-02-28,09:30:47.577106,32,23.1832,30.4655,1
293,2004-02-28,10:42:16.92583,32,25.2902,28.3305,1
294,2004-02-28,10:44:16.909916,32,25.3294,28.259,1
295,2004-02-28,10:44:47.537051,32,25.349,28.1875,1
296,2004-02-28,11:11:48.167118,32,25.8194,27.9011,1
297,2004-02-28,11:19:47.049766,32,25.8292,27.9727,1
298,2004-02-28,11:21:17.255328,32,72.82636976052547,92.41429427307153,-1
299,2004-02-28,11:22:17.519028,32,25.9566,27.7578,1
300,2004-02-28,11:24:17.65192,32,25.8194,28.1517,1
301,2004-02-28,11:30:47.418811,32,25.7802,28.259,1
302,2004-02-28,11:45:17.135503,32,25.7116,28.5449,1
303,2004-02-28,11:47:47.750843,32,25.8194,28.402,1
304,2004-02-28,11:50:16.952248,32,25.7606,28.6163,1
305,2004-02-28,11:51:17.589254,32,25.6528,28.6877,1
306,2004-02-28,11:54:17.789101,32,25.8194,28.3663,1
307,2004-02-28,11:56:17.359952,32,25.8978,28.1517,1
308,2004-02-28,11:58:17.121386,32,25.9664,28.0443,1
309,2004-02-28,12:00:17.856099,32,25.937,28.1159,1
310,2004-02-28,12:01:17.361295,32,25.9076,28.1875,1
311,2004-02-28,12:05:17.742067,32,25.937,28.1875,1
312,2004-02-28,12:06:17.837501,32,25.9076,28.3305,1
313,2004-02-28,12:07:47.543726,32,25.8978,28.2948,1
314,2004-02-28,12:08:17.759078,32,25.937,28.259,1
315,2004-02-28,12:09:47.01088,32,25.9272,28.3305,1
316,2004-02-28,12:10:17.762062,32,25.9272,28.3305,1
317,2004-02-28,12:10:47.290676,32,25.9468,28.3305,1
318,2004-02-28,12:11:17.426331,32,25.9468,28.3305,1
319,2004-02-28,12:12:47.099823,32,25.9076,28.4377,1
320,2004-02-28,12:13:17.814525,32,25.9174,28.402,1
321,2004-02-28,12:19:17.052321,32,25.9566,28.259,1
322,2004-02-28,12:26:17.738545,32,25.9272,28.259,1
323,2004-02-28,12:30:17.875384,32,26.0154,28.3305,1
324,2004-02-28,12:31:17.746923,32,26.0448,28.3305,1
325,2004-02-28,12:31:47.976106,32,26.0644,28.259,1
326,2004-02-28,12:32:47.384536,32,26.0938,28.2948,1
327,2004-02-28,12:36:17.838935,32,26.0742,28.402,1
328,2004-02-28,12:43:17.235504,32,26.1232,28.402,1
329,2004-02-28,12:48:17.933582,32,25.888,28.5806,1
330,2004-02-28,12:49:47.373689,32,25.986,28.402,1
331,2004-02-28,12:52:17.264377,32,26.1232,28.2232,1
332,2004-02-28,12:54:47.680331,32,26.1526,28.259,1
333,2004-02-28,12:56:17.14309,32,26.1624,28.2948,1
334,2004-02-28,12:58:17.417859,32,26.182,28.259,1
335,2004-02-28,12:59:17.898656,32,26.2016,28.259,1
336,2004-02-28,13:00:47.911677,32,26.2016,28.259,1
337,2004-02-28,13:03:17.2944,32,25.986,28.652,1
338,2004-02-28,13:05:47.736848,32,26.0154,28.652,1
339,2004-02-28,13:06:17.684117,32,26.035,28.6877,1
340,2004-02-28,13:07:17.569802,32,26.035,28.5449,1
341,2004-02-28,13:12:17.964954,32,25.9958,28.6163,1
342,2004-02-28,13:13:17.963531,32,26.035,28.4735,1
343,2004-02-28,13:15:47.952282,32,26.1232,28.4735,1
344,2004-02-28,13:18:47.707044,32,26.0252,28.5806,1
345,2004-02-28,13:21:47.210989,32,26.231,28.3305,1
346,2004-02-28,13:22:17.730133,32,26.2702,28.2948,1
347,2004-02-28,13:23:47.252643,32,26.3388,28.1875,1
348,2004-02-28,13:24:47.797139,32,26.3878,28.0801,1
349,2004-02-28,13:27:17.918776,32,26.3976,28.0443,1
350,2004-02-28,13:30:47.32002,32,26.3976,28.0801,1
351,2004-02-28,13:35:18.099393,32,26.28,28.259,1
352,2004-02-28,13:36:18.108291,32,26.2212,28.402,1
353,2004-02-28,13:39:47.916757,32,26.2016,28.402,1
354,2004-02-28,13:40:17.297186,32,26.2212,28.259,1
355,2004-02-28,13:41:48.024041,32,26.3192,28.0443,1
356,2004-02-28,13:51:17.941091,32,26.1624,28.6163,1
357,2004-02-28,13:51:47.820234,32,26.1722,28.5449,1
358,2004-02-28,13:54:17.807781,32,26.2408,28.402,1
359,2004-02-28,14:02:18.233002,32,26.28,28.259,1
360,2004-02-28,14:06:18.096181,32,25.9272,28.7948,1
361,2004-02-28,14:08:18.16958,32,25.839,28.9018,1
362,2004-02-28,14:09:18.128819,32,25.8194,28.8661,1
363,2004-02-28,14:10:17.919184,32,25.7312,29.1157,1
364,2004-02-28,14:11:18.142963,32,50.07254682938553,81.19057942549834,-1
365,2004-02-28,14:13:47.908708,32,73.62077695779354,95.02487344028816,-1
366,2004-02-28,14:15:48.238658,32,25.4568,29.5784,1
367,2004-02-28,14:16:47.942879,32,25.4176,29.685,1
368,2004-02-28,14:21:17.378715,32,25.1236,30.182,1
369,2004-02-28,14:24:47.911436,32,74.24384916914522,93.13019935363313,-1
370,2004-02-28,14:27:17.676314,32,25.0256,30.1111,1
371,2004-02-28,14:27:47.925585,32,25.006,30.1111,1
372,2004-02-28,14:33:47.993599,32,24.8492,30.3592,1
373,2004-02-28,14:38:17.930579,32,24.7218,30.5009,1
374,2004-02-28,14:42:18.210859,32,24.7904,30.4301,1
375,2004-02-28,14:45:17.443308,32,24.712,30.784,1
376,2004-02-28,14:45:48.128706,32,24.7022,30.7486,1
377,2004-02-28,14:49:47.597697,32,24.7218,30.8194,1
378,2004-02-28,14:50:17.585364,32,24.6728,30.784,1
379,2004-02-28,14:51:17.584834,32,24.614,30.8194,1
380,2004-02-28,14:52:17.363129,32,59.42916657488345,90.94625703654198,-1
381,2004-02-28,14:54:18.090954,32,24.7316,30.6071,1
382,2004-02-28,14:55:47.861707,32,74.38869466761463,71.7467623302138,-1
383,2004-02-28,14:57:17.374415,32,24.6826,30.7133,1
384,2004-02-28,14:57:47.598638,32,24.6924,30.7133,1
385,2004-02-28,14:58:48.102166,32,24.6826,30.5717,1
386,2004-02-28,14:59:18.12655,32,24.6826,30.7486,1
387,2004-02-28,14:59:48.128967,32,24.6042,30.8901,1
388,2004-02-28,15:04:17.393559,32,71.06728822383704,105.27570667872808,-1
389,2004-02-28,15:05:47.616797,32,24.516,30.9608,1
390,2004-02-28,15:07:49.978307,32,24.3494,31.3139,1
391,2004-02-28,15:08:17.389463,32,24.3788,31.3491,1
392,2004-02-28,15:10:17.989268,32,24.3886,31.2433,1
393,2004-02-28,15:14:48.099544,32,24.2514,31.4902,1
394,2004-02-28,15:15:48.31742,32,24.222,31.4902,1
395,2004-02-28,15:16:17.939169,32,24.2122,31.4197,1
396,2004-02-28,15:19:18.117634,32,24.1632,31.4197,1
397,2004-02-28,15:23:19.052652,32,24.0652,31.6664,1
398,2004-02-28,15:26:18.260399,32,24.0064,31.5254,1
399,2004-02-28,15:27:47.943294,32,23.9868,31.5959,1
400,2004-02-28,15:28:49.113919,32,23.9476,31.5959,1
401,2004-02-28,15:30:47.674757,32,23.8888,31.6312,1
402,2004-02-28,15:33:18.231065,32,23.8398,31.6664,1
403,2004-02-28,15:33:47.599521,32,23.83,31.772,1
404,2004-02-28,15:35:49.638249,32,23.7516,31.948,1
405,2004-02-28,15:37:17.535216,32,61.55504820488297,89.86015885512744,-1
406,2004-02-28,15:39:17.713457,32,23.5948,32.2293,1
407,2004-02-28,15:40:47.734296,32,23.536,32.2995,1
408,2004-02-28,15:41:48.497413,32,23.487,32.5803,1
409,2004-02-28,15:45:17.610108,32,23.389,32.7206,1
410,2004-02-28,15:46:47.904179,32,23.3498,32.7907,1
411,2004-02-28,15:51:18.33292,32,23.144,32.8958,1
412,2004-02-28,15:51:48.538275,32,73.48335913415778,90.8944090555894,-1
413,2004-02-28,15:52:17.543859,32,23.1244,32.9308,1
414,2004-02-28,15:53:48.258361,32,23.0852,32.9308,1
415,2004-02-28,15:54:48.079027,32,23.046,32.9308,1
416,2004-02-28,15:56:18.404944,32,23.0264,33.0709,1
417,2004-02-28,15:57:18.063043,32,23.0264,33.2458,1
418,2004-02-28,15:58:47.559878,32,23.0166,33.4206,1
419,2004-02-28,15:59:49.201763,32,23.0068,33.2108,1
420,2004-02-28,16:00:18.468491,32,23.0068,33.2108,1
421,2004-02-28,16:01:47.574762,32,22.948,33.3507,1
422,2004-02-28,16:02:17.837716,32,22.9382,33.4905,1
423,2004-02-28,16:02:48.300957,32,22.9088,33.4905,1
424,2004-02-28,16:03:48.035063,32,62.545501203946024,118.09647959545214,-1
425,2004-02-28,16:06:50.908515,32,22.8402,33.8744,1
426,2004-02-28,16:08:50.659218,32,22.801,33.8047,1
427,2004-02-28,16:09:17.568961,32,50.80429082082229,95.96158136181886,-1
428,2004-02-28,16:10:18.070509,32,49.6761166671336,101.07077141476356,-1
429,2004-02-28,16:11:18.106056,32,22.7716,33.9093,1
430,2004-02-28,16:11:48.325629,32,22.7618,33.8047,1
431,2004-02-28,16:15:20.196132,32,22.7128,34.0139,1
432,2004-02-28,16:17:48.14356,32,22.6932,34.0487,1
433,2004-02-28,16:18:48.366836,32,22.6736,33.979,1
434,2004-02-28,16:21:18.199962,32,55.53022823812498,103.61563601768347,-1
435,2004-02-28,16:21:50.423889,32,22.605,34.188,1
436,2004-02-28,16:22:17.737652,32,22.5952,34.188,1
437,2004-02-28,16:22:48.400194,32,22.5854,34.188,1
438,2004-02-28,16:23:47.837404,32,22.556,34.2577,1
439,2004-02-28,16:24:17.587677,32,22.556,34.2577,1
440,2004-02-28,16:25:48.687928,32,22.4776,34.2577,1
441,2004-02-28,16:26:17.972681,32,22.458,34.3273,1
442,2004-02-28,16:27:17.480227,32,22.458,34.5012,1
443,2004-02-28,16:27:48.102576,32,49.28712944150944,76.75220358604844,-1
444,2004-02-28,16:28:17.667351,32,22.4482,34.536,1
445,2004-02-28,16:28:48.140622,32,22.4384,34.5012,1
446,2004-02-28,16:30:18.119314,32,22.4384,34.536,1
447,2004-02-28,16:31:17.694853,32,22.4286,34.536,1
448,2004-02-28,16:32:17.614272,32,22.3992,34.536,1
449,2004-02-28,16:32:47.612417,32,22.3796,34.536,1
450,2004-02-28,16:33:18.014,32,22.3796,34.6055,1
451,2004-02-28,16:34:49.052098,32,54.66916817573836,85.48179702975308,-1
452,2004-02-28,16:35:18.306502,32,22.311,34.536,1
453,2004-02-28,16:35:48.282747,32,22.3012,34.6055,1
454,2004-02-28,16:37:49.297086,32,22.262,34.7445,1
455,2004-02-28,16:39:18.220083,32,22.213,34.7445,1
456,2004-02-28,16:39:47.940831,32,22.2032,34.7792,1
457,2004-02-28,16:40:17.766033,32,22.1738,34.8834,1
458,2004-02-28,16:40:47.920426,32,22.1836,34.9181,1
459,2004-02-28,16:42:19.887598,32,22.164,34.9528,1
460,2004-02-28,16:43:18.018973,32,22.1444,35.0222,1
461,2004-02-28,16:44:19.111464,32,22.115,34.8834,1
462,2004-02-28,16:44:48.592635,32,22.115,35.0915,1
463,2004-02-28,16:45:48.40771,32,22.1346,35.1609,1
464,2004-02-28,16:46:21.074968,32,22.1248,35.1262,1
465,2004-02-28,16:48:18.108097,32,22.1052,34.9528,1
466,2004-02-28,16:48:47.720121,32,22.0758,35.1609,1
467,2004-02-28,16:49:19.639048,32,22.0562,34.9528,1
468,2004-02-28,16:50:18.983989,32,22.0268,35.2302,1
469,2004-02-28,16:50:50.185934,32,58.83951250957527,105.20179538946755,-1
470,2004-02-28,16:51:18.350578,32,46.06949496698864,106.62585608654618,-1
471,2004-02-28,16:52:18.429343,32,70.49517294661217,91.2068796024447,-1
472,2004-02-28,16:52:48.29357,32,71.9426254388457,100.21080743646056,-1
473,2004-02-28,16:53:48.070732,32,22.0268,35.3341,1
474,2004-02-28,16:54:50.408971,32,22.0072,35.4726,1
475,2004-02-28,16:55:17.704038,32,21.9974,35.5764,1
476,2004-02-28,16:55:47.681958,32,21.9876,35.5418,1
477,2004-02-28,16:56:50.194427,32,21.968000000000004,35.6456,1
478,2004-02-28,17:00:48.355267,32,21.9484,35.7839,1
479,2004-02-28,17:01:48.224583,32,61.053839866852854,114.65334576020706,-1
480,2004-02-28,17:02:18.087687,32,21.9582,35.7494,1
481,2004-02-28,17:03:47.978087,32,21.968000000000004,35.8876,1
482,2004-02-28,17:04:17.795806,32,21.968000000000004,35.9912,1
483,2004-02-28,17:05:18.354611,32,21.9288,35.9221,1
484,2004-02-28,17:06:47.92484,32,21.9092,35.8876,1
485,2004-02-28,17:08:47.595433,32,21.8504,36.1293,1
486,2004-02-28,17:09:47.844642,32,21.8112,36.2673,1
487,2004-02-28,17:10:48.089914,32,21.8112,36.1983,1
488,2004-02-28,17:11:48.406206,32,61.86629398405995,106.86305678245273,-1
489,2004-02-28,17:12:51.257338,32,21.7916,36.0603,1
490,2004-02-28,17:13:47.973456,32,21.7524,36.0948,1
491,2004-02-28,17:14:48.288688,32,21.7328,36.2328,1
492,2004-02-28,17:16:17.67149,32,21.7132,36.2673,1
493,2004-02-28,17:16:49.088565,32,21.6936,36.4052,1
494,2004-02-28,17:18:18.061047,32,21.6642,36.3707,1
495,2004-02-28,17:20:17.647984,32,21.625,36.4741,1
496,2004-02-28,17:20:48.371026,32,55.602132683774286,96.63311388190556,-1
497,2004-02-28,17:21:18.403887,32,21.6054,36.543,1
498,2004-02-28,17:22:18.193011,32,21.5956,36.543,1
499,2004-02-28,17:23:47.632828,32,21.5368,36.543,1
500,2004-02-28,17:25:17.833419,32,21.4584,36.6807,1
501,2004-02-28,17:26:49.795903,32,21.3996,36.9902,1
502,2004-02-28,17:27:18.417194,32,21.38,36.9902,1
503,2004-02-28,17:28:21.009074,32,21.3898,37.0933,1
504,2004-02-28,17:28:49.86192,32,21.38,37.0933,1
505,2004-02-28,17:30:47.876361,32,21.3604,37.265,1
506,2004-02-28,17:31:18.17229,32,66.61406864874886,99.2104093833469,-1
507,2004-02-28,17:31:47.923286,32,21.3604,37.2993,1
508,2004-02-28,17:33:47.953955,32,21.3506,37.2307,1
509,2004-02-28,17:36:18.326794,32,21.282,37.5051,1
510,2004-02-28,17:38:20.751521,32,21.2232,37.6422,1
511,2004-02-28,17:38:50.810551,32,21.2232,37.5051,1
512,2004-02-28,17:40:17.689802,32,21.2036,37.5394,1
513,2004-02-28,17:40:48.217146,32,21.2036,37.5051,1
514,2004-02-28,17:41:17.963966,32,68.54389834861905,95.8146366499625,-1
515,2004-02-28,17:43:18.236609,32,21.184,37.5394,1
516,2004-02-28,17:46:18.256379,32,21.135,37.6422,1
517,2004-02-28,17:49:48.575213,32,21.0566,37.8477,1
518,2004-02-28,17:50:17.961583,32,21.0468,37.7792,1
519,2004-02-28,17:51:18.449234,32,21.0272,37.7107,1
520,2004-02-28,17:51:47.954424,32,21.0076,37.7792,1
521,2004-02-28,17:56:18.580384,32,20.9782,37.8477,1
522,2004-02-28,17:56:47.786094,32,20.9684,37.9845,1
523,2004-02-28,17:57:48.221418,32,20.939,37.8477,1
524,2004-02-28,17:58:18.52197,32,20.9292,37.9845,1
525,2004-02-28,17:59:47.649037,32,20.89,38.3263,1
526,2004-02-28,18:00:50.700618,32,20.8802,38.1213,1
527,2004-02-28,18:02:18.522358,32,20.8606,38.1897,1
528,2004-02-28,18:02:48.491696,32,20.8508,38.0529,1
529,2004-02-28,18:06:22.057002,32,20.792,38.1897,1
530,2004-02-28,18:07:17.619144,32,20.7626,38.2922,1
531,2004-02-28,18:08:49.759804,32,59.48485175782409,93.50701013338104,-1
532,2004-02-28,18:11:47.641233,32,20.6744,38.3605,1
533,2004-02-28,18:12:47.890095,32,20.6842,38.2922,1
534,2004-02-28,18:13:17.641619,32,20.6842,38.3263,1
535,2004-02-28,18:14:17.650856,32,20.6646,38.3946,1
536,2004-02-28,18:14:47.653292,32,20.6548,38.3946,1
537,2004-02-28,18:17:51.560856,32,20.5764,38.497,1
538,2004-02-28,18:18:51.082542,32,20.5568,38.497,1
539,2004-02-28,18:21:18.311452,32,20.5274,38.6675,1
540,2004-02-28,18:22:47.928858,32,20.498,38.4629,1
541,2004-02-28,18:25:50.965569,32,20.449,38.8039,1
542,2004-02-28,18:26:18.191742,32,20.4392,38.7357,1
543,2004-02-28,18:26:49.325516,32,20.4392,38.8039,1
544,2004-02-28,18:27:47.935926,32,20.4294,38.8379,1
545,2004-02-28,18:28:47.684946,32,20.4294,38.872,1
546,2004-02-28,18:30:17.896005,32,20.4,38.872,1
547,2004-02-28,18:33:17.732141,32,20.2726,39.3483,1
548,2004-02-28,18:37:17.860356,32,20.2726,39.1443,1
549,2004-02-28,18:37:48.452561,32,20.2628,39.1443,1
550,2004-02-28,18:38:47.739073,32,20.2138,39.1443,1
551,2004-02-28,18:41:47.733753,32,20.1158,39.0763,1
552,2004-02-28,18:42:48.381866,32,20.0472,38.872,1
553,2004-02-28,18:43:47.86586,32,20.008,38.872,1
554,2004-02-28,18:44:47.745861,32,19.9884,39.5521,1
555,2004-02-28,18:45:47.727021,32,19.9688,39.4162,1
556,2004-02-28,18:47:18.502792,32,19.9688,39.5521,1
557,2004-02-28,18:47:47.815219,32,19.9688,39.5521,1
558,2004-02-28,18:49:18.651004,32,19.9492,39.1443,1
559,2004-02-28,18:49:47.914375,32,19.9688,39.0422,1
560,2004-02-28,18:50:51.597985,32,19.9786,39.0422,1
561,2004-02-28,18:51:19.975954,32,62.88472789217003,85.06889729640982,-1
562,2004-02-28,18:51:48.00531,32,19.9688,39.0763,1
563,2004-02-28,18:53:18.25378,32,19.9688,39.1443,1
564,2004-02-28,18:54:18.797078,32,19.9688,39.3483,1
565,2004-02-28,18:56:52.110607,32,19.9884,38.9742,1
566,2004-02-28,18:57:21.471545,32,19.9786,39.0082,1
567,2004-02-28,18:58:51.617727,32,19.9296,39.1783,1
568,2004-02-28,18:59:49.516611,32,19.9296,39.8235,1
569,2004-02-28,19:01:18.263402,32,19.8806,39.8913,1
570,2004-02-28,19:01:48.524594,32,19.861,39.8913,1
571,2004-02-28,19:02:47.910152,32,19.8316,39.4842,1
572,2004-02-28,19:08:47.921364,32,19.8512,40.0268,1
573,2004-02-28,19:10:18.118323,32,71.05612252477172,100.86863413765711,-1
574,2004-02-28,19:11:17.672901,32,59.26905241261787,107.69679980666876,-1
575,2004-02-28,19:13:49.311239,32,19.861,39.2463,1
576,2004-02-28,19:17:20.108271,32,19.8708,39.5181,1
577,2004-02-28,19:17:51.462627,32,19.8708,39.3483,1
578,2004-02-28,19:19:19.242727,32,19.8512,39.3483,1
579,2004-02-28,19:19:50.447638,32,19.8316,39.4502,1
580,2004-02-28,19:20:20.813174,32,19.8414,39.5521,1
581,2004-02-28,19:20:48.142603,32,19.8316,39.4162,1
582,2004-02-28,19:21:20.483957,32,19.8414,39.3143,1
583,2004-02-28,19:21:52.97663,32,19.8414,39.4162,1
584,2004-02-28,19:26:48.615095,32,19.812,40.0945,1
585,2004-02-28,19:27:48.594786,32,19.8512,39.8913,1
586,2004-02-28,19:28:18.593864,32,19.8316,40.0268,1
587,2004-02-28,19:28:48.602597,32,61.78555238880179,113.00038084334969,-1
588,2004-02-28,19:31:18.783485,32,19.7826,39.5181,1
589,2004-02-28,19:31:50.20334,32,19.7728,40.1622,1
590,2004-02-28,19:32:50.587337,32,19.7826,39.5521,1
591,2004-02-28,19:34:18.532349,32,19.7728,40.2299,1
592,2004-02-28,19:34:48.420707,32,19.763,40.0945,1
593,2004-02-28,19:35:48.080371,32,19.763,39.8913,1
594,2004-02-28,19:36:21.259858,32,19.763,39.7557,1
595,2004-02-28,19:36:49.49247,32,19.7728,40.0268,1
596,2004-02-28,19:37:49.924533,32,19.7728,40.0607,1
597,2004-02-28,19:39:21.412226,32,19.7728,40.0268,1
598,2004-02-28,19:40:18.629383,32,19.7728,39.6878,1
599,2004-02-28,19:41:18.714463,32,19.7826,40.0268,1
600,2004-02-28,19:41:50.086683,32,19.7924,40.0268,1
601,2004-02-28,19:44:18.16533,32,68.22624480518421,113.94572014357968,-1
602,2004-02-28,19:44:50.205823,32,19.763,40.0268,1
603,2004-02-28,19:45:47.917482,32,19.7728,40.1622,1
604,2004-02-28,19:46:47.776638,32,56.01212588204929,96.623339712372,-1
605,2004-02-28,19:47:51.765382,32,65.87166676755481,94.05017618301034,-1
606,2004-02-28,19:48:48.54947,32,19.7728,39.5521,1
607,2004-02-28,19:49:17.807783,32,19.7924,39.5521,1
608,2004-02-28,19:50:18.040624,32,19.7728,39.5521,1
609,2004-02-28,19:51:18.531652,32,19.7924,39.586,1
610,2004-02-28,19:51:48.03119,32,19.7826,39.5521,1
611,2004-02-28,19:54:47.858351,32,19.7532,40.0607,1
612,2004-02-28,20:00:18.11755,32,19.7434,39.7557,1
613,2004-02-28,20:01:48.928961,32,19.7434,39.7557,1
614,2004-02-28,20:02:19.327731,32,19.763,39.8235,1
615,2004-02-28,20:03:49.772521,32,19.7434,40.1961,1
616,2004-02-28,20:05:20.96375,32,19.714,40.4328,1
617,2004-02-28,20:05:48.588348,32,19.7238,40.4328,1
618,2004-02-28,20:06:17.974558,32,19.714,40.4328,1
619,2004-02-28,20:07:18.224973,32,19.7336,40.5342,1
620,2004-02-28,20:07:48.718546,32,19.7336,40.5004,1
621,2004-02-28,20:08:48.07819,32,90.50316429936701,107.81908689169572,-1
622,2004-02-28,20:09:18.611119,32,55.650991667859216,91.7294181690884,-1
623,2004-02-28,20:10:18.336589,32,19.763,40.2638,1
624,2004-02-28,20:11:18.464105,32,19.763,39.8235,1
625,2004-02-28,20:13:20.630453,32,19.7336,40.5004,1
626,2004-02-28,20:17:18.738373,32,19.7042,39.9929,1
627,2004-02-28,20:23:18.383211,32,19.714,39.8235,1
628,2004-02-28,20:24:48.147223,32,19.714,39.7557,1
629,2004-02-28,20:30:18.045065,32,19.6552,39.8913,1
630,2004-02-28,20:31:48.26621,32,19.6748,39.8574,1
631,2004-02-28,20:32:18.778026,32,19.6748,39.8235,1
632,2004-02-28,20:33:50.949976,32,19.6454,39.8913,1
633,2004-02-28,20:34:18.156262,32,19.665,39.8913,1
634,2004-02-28,20:36:18.722492,32,19.665,39.8574,1
635,2004-02-28,20:37:18.413715,32,19.665,39.9929,1
636,2004-02-28,20:37:48.493129,32,19.665,39.9929,1
637,2004-02-28,20:39:21.155366,32,19.6748,39.9591,1
638,2004-02-28,20:39:47.920664,32,19.6748,39.9591,1
639,2004-02-28,20:40:48.686102,32,19.6552,39.9591,1
640,2004-02-28,20:43:48.436768,32,19.6454,40.0268,1
641,2004-02-28,20:44:17.950378,32,19.6356,39.9591,1
642,2004-02-28,20:48:18.013112,32,67.34101762727158,91.28459205811998,-1
643,2004-02-28,20:48:48.271147,32,19.616,40.1284,1
644,2004-02-28,20:50:18.705108,32,19.6062,40.0268,1
645,2004-02-28,20:50:50.047858,32,19.5964,40.0268,1
646,2004-02-28,20:51:18.709576,32,19.5964,40.1622,1
647,2004-02-28,20:52:48.060006,32,19.567,40.1622,1
648,2004-02-28,20:54:18.784856,32,19.5376,40.0945,1
649,2004-02-28,20:55:48.713234,32,69.05900569920347,108.17773274888536,-1
650,2004-02-28,20:58:50.815381,32,19.4984,40.1961,1
651,2004-02-28,20:59:21.401705,32,19.518,40.3314,1
652,2004-02-28,21:00:49.040706,32,19.5082,40.2299,1
653,2004-02-28,21:01:18.118395,32,19.518,40.2976,1
654,2004-02-28,21:01:48.731656,32,19.5082,40.2976,1
655,2004-02-28,21:02:48.61458,32,19.4984,40.4328,1
656,2004-02-28,21:04:18.647701,32,19.5082,40.1961,1
657,2004-02-28,21:05:18.131291,32,19.4984,40.2299,1
658,2004-02-28,21:07:51.45223,32,19.4788,40.3652,1
659,2004-02-28,21:11:18.504008,32,19.4592,40.2638,1
660,2004-02-28,21:12:18.851872,32,19.4592,40.2299,1
661,2004-02-28,21:12:48.038106,32,19.4494,40.2299,1
662,2004-02-28,21:17:18.844123,32,50.29721519323125,85.56901246095624,-1
663,2004-02-28,21:19:49.143678,32,19.3808,40.2976,1
664,2004-02-28,21:20:18.089592,32,19.371,40.2638,1
665,2004-02-28,21:23:18.534188,32,19.3612,40.2976,1
666,2004-02-28,21:24:47.916657,32,19.3416,40.4666,1
667,2004-02-28,21:25:17.927847,32,19.3318,40.399,1
668,2004-02-28,21:26:18.026078,32,19.3122,40.4328,1
669,2004-02-28,21:27:20.249082,32,19.3122,40.5004,1
670,2004-02-28,21:27:48.703826,32,19.3024,40.56800000000001,1
671,2004-02-28,21:28:50.764177,32,19.3024,40.4666,1
672,2004-02-28,21:29:18.67451,32,19.3024,40.5004,1
673,2004-02-28,21:30:18.454612,32,67.01249385648907,113.21125936641407,-1
674,2004-02-28,21:31:18.230147,32,19.3024,40.5004,1
675,2004-02-28,21:32:18.723811,32,19.3024,40.4328,1
676,2004-02-28,21:33:48.356287,32,19.2926,40.4328,1
677,2004-02-28,21:35:18.862385,32,19.2632,40.4666,1
678,2004-02-28,21:35:50.018578,32,19.2632,40.4328,1
679,2004-02-28,21:36:17.947584,32,70.48814241326728,105.73525003349232,-1
680,2004-02-28,21:39:48.058794,32,19.2338,40.4328,1
681,2004-02-28,21:40:18.990614,32,19.224,40.4328,1
682,2004-02-28,21:41:48.859209,32,64.12490717044228,102.77690545552244,-1
683,2004-02-28,21:42:48.627566,32,73.69687265724252,101.09627863574954,-1
684,2004-02-28,21:43:18.212411,32,19.2142,40.5004,1
685,2004-02-28,21:43:48.356986,32,19.2142,40.56800000000001,1
686,2004-02-28,21:45:22.75613,32,19.2142,40.6018,1
687,2004-02-28,21:46:19.218279,32,19.2142,40.4666,1
688,2004-02-28,21:48:18.837578,32,52.85300445353953,96.38706228474673,-1
689,2004-02-28,21:48:49.126867,32,19.224,40.5004,1
690,2004-02-28,21:50:21.839149,32,19.2338,40.4328,1
691,2004-02-28,21:50:49.219504,32,19.224,40.4328,1
692,2004-02-28,21:51:23.68288,32,61.401209239081936,110.21428237291276,-1
693,2004-02-28,21:53:19.722378,32,51.10106405491592,107.02398593448132,-1
694,2004-02-28,21:54:24.15458,32,58.19324064049451,96.73590527849424,-1
695,2004-02-28,21:54:49.245446,32,19.175,40.399,1
696,2004-02-28,21:55:20.256502,32,19.1554,40.3652,1
697,2004-02-28,21:58:21.127289,32,19.126,40.5004,1
698,2004-02-28,21:58:50.102151,32,19.126,40.5004,1
699,2004-02-28,21:59:48.798992,32,19.1064,40.5342,1
700,2004-02-28,22:00:17.884436,32,19.1162,40.4328,1
701,2004-02-28,22:00:49.209882,32,19.1456,40.4328,1
702,2004-02-28,22:01:47.881923,32,19.1162,40.4328,1
703,2004-02-28,22:04:48.818883,32,19.077,40.9055,1
704,2004-02-28,22:07:20.281133,32,61.38513347231823,97.54328044531886,-1
705,2004-02-28,22:08:21.257419,32,19.028,40.8718,1
706,2004-02-28,22:08:48.904138,32,19.0182,40.8381,1
707,2004-02-28,22:11:50.886082,32,19.028,40.7031,1
708,2004-02-28,22:14:19.809033,32,19.0574,40.56800000000001,1
709,2004-02-28,22:14:53.064184,32,19.0574,40.6018,1
710,2004-02-28,22:15:51.460811,32,19.0574,40.56800000000001,1
711,2004-02-28,22:18:20.821553,32,19.0476,40.5004,1
712,2004-02-28,22:22:48.382355,32,19.028,40.5004,1
713,2004-02-28,22:24:48.210666,32,42.800931115046495,105.42717756428546,-1
714,2004-02-28,22:28:18.094576,32,45.208397260478,104.36530629720286,-1
715,2004-02-28,22:29:18.871131,32,19.0182,40.56800000000001,1
716,2004-02-28,22:30:18.879719,32,19.028,40.56800000000001,1
717,2004-02-28,22:31:48.189721,32,18.9986,40.56800000000001,1
718,2004-02-28,22:32:18.85758,32,19.0084,40.6018,1
719,2004-02-28,22:33:19.11925,32,19.0084,40.56800000000001,1
720,2004-02-28,22:33:48.2545,32,18.9986,40.5342,1
721,2004-02-28,22:36:18.392616,32,18.9888,40.5004,1
722,2004-02-28,22:37:18.478506,32,18.9888,40.5004,1
723,2004-02-28,22:39:18.385596,32,18.9888,40.4328,1
724,2004-02-28,22:40:18.725675,32,18.979,40.4666,1
725,2004-02-28,22:41:18.227425,32,18.9692,40.4328,1
726,2004-02-28,22:43:18.412512,32,18.9496,40.4666,1
727,2004-02-28,22:43:48.198495,32,18.9692,40.4328,1
728,2004-02-28,22:44:18.970469,32,18.9496,40.4666,1
729,2004-02-28,22:44:48.894094,32,18.9398,40.5004,1
730,2004-02-28,22:45:18.176121,32,18.9398,40.56800000000001,1
731,2004-02-28,22:47:18.26675,32,18.93,40.6018,1
732,2004-02-28,22:47:48.493735,32,18.9398,40.56800000000001,1
733,2004-02-28,22:48:48.218636,32,18.9398,40.56800000000001,1
734,2004-02-28,22:49:48.183055,32,18.9496,40.6355,1
735,2004-02-28,22:51:48.912103,32,18.93,40.6018,1
736,2004-02-28,22:52:18.221602,32,18.93,40.6693,1
737,2004-02-28,22:53:18.449794,32,18.9006,40.7368,1
738,2004-02-28,22:53:48.338852,32,18.8908,40.7031,1
739,2004-02-28,22:55:48.67719,32,18.881,40.6355,1
740,2004-02-28,22:56:50.134592,32,18.8712,40.7031,1
741,2004-02-28,22:58:18.688079,32,18.8614,40.6355,1
742,2004-02-28,22:59:18.721602,32,18.8418,40.7368,1
743,2004-02-28,22:59:48.92964,32,18.8222,40.7031,1
744,2004-02-28,23:00:48.727989,32,18.7928,40.8381,1
745,2004-02-28,23:01:48.186052,32,18.7732,40.9055,1
746,2004-02-28,23:02:48.602294,32,18.7536,40.9055,1
747,2004-02-28,23:03:18.963881,32,63.77447848428652,90.72030656411398,-1
748,2004-02-28,23:04:48.974746,32,56.36963922955788,106.58358332982013,-1
749,2004-02-28,23:05:18.241762,32,66.18943640311446,104.47525526051197,-1
750,2004-02-28,23:06:19.121291,32,18.7732,40.7706,1
751,2004-02-28,23:08:48.080017,32,18.832,40.56800000000001,1
752,2004-02-28,23:09:50.349287,32,18.8418,40.56800000000001,1
753,2004-02-28,23:10:18.849158,32,18.8516,40.6355,1
754,2004-02-28,23:11:18.291228,32,18.832,40.7031,1
755,2004-02-28,23:12:18.717363,32,18.832,40.6693,1
756,2004-02-28,23:13:18.741358,32,18.8222,40.6355,1
757,2004-02-28,23:14:48.093823,32,18.8124,40.7031,1
758,2004-02-28,23:15:48.135487,32,18.832,40.7368,1
759,2004-02-28,23:16:18.095577,32,18.8222,40.6355,1
760,2004-02-28,23:17:48.610003,32,18.7928,40.7031,1
761,2004-02-28,23:19:51.854464,32,18.7928,40.6355,1
762,2004-02-28,23:20:48.10809,32,18.783,40.6693,1
763,2004-02-28,23:21:18.728434,32,53.04012884592326,104.98316914996585,-1
764,2004-02-28,23:21:48.363834,32,18.7732,40.6355,1
765,2004-02-28,23:23:48.20245,32,18.7634,40.6693,1
766,2004-02-28,23:24:19.042795,32,18.7536,40.5004,1
767,2004-02-28,23:24:48.167626,32,18.7438,40.6018,1
768,2004-02-28,23:26:20.669767,32,18.7144,40.6693,1
769,2004-02-28,23:26:49.544101,32,18.7046,40.7031,1
770,2004-02-28,23:27:18.63304,32,18.7046,40.7031,1
771,2004-02-28,23:28:48.380993,32,18.7144,40.7031,1
772,2004-02-28,23:30:19.038763,32,18.734,40.7031,1
773,2004-02-28,23:31:18.782188,32,18.734,40.7031,1
774,2004-02-28,23:34:48.896256,32,18.734,40.7706,1
775,2004-02-28,23:35:48.252521,32,18.7144,40.8381,1
776,2004-02-28,23:38:48.712766,32,18.7046,40.8043,1
777,2004-02-28,23:40:19.351777,32,18.685,40.7031,1
778,2004-02-28,23:42:18.301091,32,18.6752,40.7368,1
779,2004-02-28,23:45:18.556231,32,18.636,40.7706,1
780,2004-02-28,23:47:18.948698,32,18.6164,40.7706,1
781,2004-02-28,23:47:48.686818,32,18.6066,40.7706,1
782,2004-02-28,23:48:18.228199,32,18.587,40.8043,1
783,2004-02-28,23:50:18.981324,32,18.5772,40.8718,1
784,2004-02-28,23:51:20.494491,32,59.333764825140136,96.01884156792369,-1
785,2004-02-28,23:52:20.156641,32,18.5282,41.0404,1
786,2004-02-28,23:53:54.492214,32,65.56213751138283,105.82434093638696,-1
787,2004-02-28,23:56:19.094655,32,49.47182399415743,101.99374741591768,-1
788,2004-02-28,23:57:22.779592,32,18.489,41.2088,1
789,2004-02-29,00:02:48.327839,32,18.5184,40.973,1
790,2004-02-29,00:03:48.606485,32,57.260313326222274,97.54557225471086,-1
791,2004-02-29,00:04:52.372119,32,18.4988,40.9055,1
792,2004-02-29,00:05:18.403892,32,18.5086,40.9055,1
793,2004-02-29,00:08:18.289495,32,18.5086,40.8381,1
794,2004-02-29,00:12:48.834566,32,18.5184,40.7706,1
795,2004-02-29,00:13:48.796209,32,18.5282,40.9055,1
796,2004-02-29,00:14:18.80714,32,18.5282,40.9055,1
797,2004-02-29,00:14:49.006516,32,18.5086,41.0404,1
798,2004-02-29,00:17:19.10733,32,18.44,41.1414,1
799,2004-02-29,00:21:18.529913,32,18.4596,41.0067,1
800,2004-02-29,00:25:21.596798,32,18.4792,40.8381,1
801,2004-02-29,00:27:49.057648,32,18.44,40.9055,1
802,2004-02-29,00:28:21.263071,32,18.4204,40.973,1
803,2004-02-29,00:29:18.877255,32,18.4008,40.973,1
804,2004-02-29,00:36:18.374627,32,66.48014720908644,111.09653873570274,-1
805,2004-02-29,00:37:19.108803,32,18.3126,41.2425,1
806,2004-02-29,00:39:48.333748,32,18.2538,41.4108,1
807,2004-02-29,00:42:23.933905,32,18.2048,41.478,1
808,2004-02-29,00:42:48.79719,32,18.195,41.4444,1
809,2004-02-29,00:43:48.286022,32,18.2244,41.4108,1
810,2004-02-29,00:47:18.883673,32,18.146,41.5116,1
811,2004-02-29,00:49:18.299895,32,18.1068,41.478,1
812,2004-02-29,00:55:18.513495,32,18.0774,41.5116,1
813,2004-02-29,00:56:18.747777,32,59.330113409162436,93.1653958140133,-1
814,2004-02-29,00:58:49.006755,32,18.0676,41.5453,1
815,2004-02-29,00:59:18.29163,32,18.0676,41.5789,1
816,2004-02-29,01:03:22.916762,32,18.048,41.6461,1
817,2004-02-29,01:07:19.178336,32,17.9892,41.6797,1
818,2004-02-29,01:09:18.855259,32,17.9892,41.6797,1
819,2004-02-29,01:09:49.188365,32,56.194365457855255,93.90399197645317,-1
820,2004-02-29,01:16:18.767954,32,59.240068492188385,96.46066534997047,-1
821,2004-02-29,01:16:48.468474,32,17.901,41.9147,1
822,2004-02-29,01:17:48.481739,32,17.901,42.0154,1
823,2004-02-29,01:18:49.190729,32,17.9402,41.9147,1
824,2004-02-29,01:19:18.941223,32,17.9304,41.8812,1
825,2004-02-29,01:19:55.470759,32,17.9206,41.9147,1
826,2004-02-29,01:21:23.920947,32,57.912792184073055,119.29655437129263,-1
827,2004-02-29,01:21:48.61574,32,17.9108,41.9818,1
828,2004-02-29,01:23:48.328612,32,17.9108,41.9147,1
829,2004-02-29,01:24:18.398048,32,17.8912,41.9483,1
830,2004-02-29,01:25:49.338117,32,17.8912,41.9147,1
831,2004-02-29,01:27:18.963432,32,17.9206,41.8812,1
832,2004-02-29,01:31:18.85743,32,17.8618,41.9147,1
833,2004-02-29,01:31:49.100406,32,17.8716,41.9147,1
834,2004-02-29,01:33:18.819064,32,17.852,41.9483,1
835,2004-02-29,01:34:19.279264,32,17.8226,42.0154,1
836,2004-02-29,01:34:48.508414,32,17.803,42.0489,1
837,2004-02-29,01:35:20.929631,32,17.803,42.0824,1
838,2004-02-29,01:37:50.787109,32,17.7736,42.183,1
839,2004-02-29,01:38:19.11354,32,17.7638,42.2165,1
840,2004-02-29,01:40:22.542365,32,17.754,42.2835,1
841,2004-02-29,01:40:52.479026,32,17.7638,42.2835,1
842,2004-02-29,01:41:48.776339,32,57.00183637236899,100.4008181664412,-1
843,2004-02-29,01:42:48.899356,32,58.326079793878094,79.30055344217288,-1
844,2004-02-29,01:43:49.28079,32,17.754,42.25,1
845,2004-02-29,01:44:18.831448,32,17.7638,42.25,1
846,2004-02-29,01:44:48.915285,32,17.7834,42.25,1
847,2004-02-29,01:46:18.401111,32,50.39233834293063,100.29936608878987,-1
848,2004-02-29,01:47:22.922327,32,17.7736,42.183,1
849,2004-02-29,01:47:48.599545,32,17.7736,42.183,1
850,2004-02-29,01:48:18.565879,32,17.7638,42.2165,1
851,2004-02-29,01:48:49.152729,32,17.7344,42.25,1
852,2004-02-29,01:49:19.198517,32,17.7344,42.25,1
853,2004-02-29,01:51:18.660398,32,17.7344,42.25,1
854,2004-02-29,01:51:48.924291,32,17.7442,42.2165,1
855,2004-02-29,01:52:18.919261,32,17.7344,42.25,1
856,2004-02-29,01:54:19.466523,32,17.7246,42.25,1
857,2004-02-29,01:58:49.035831,32,17.7148,42.38399999999999,1
858,2004-02-29,02:06:18.693597,32,17.656,42.5178,1
859,2004-02-29,02:10:18.503155,32,17.607,42.5847,1
860,2004-02-29,02:12:49.006003,32,17.5972,42.5847,1
861,2004-02-29,02:13:19.230175,32,17.5874,42.6182,1
862,2004-02-29,02:15:48.977502,32,17.5776,42.5847,1
863,2004-02-29,02:16:22.183704,32,17.5776,42.6516,1
864,2004-02-29,02:19:18.567336,32,17.5384,42.7853,1
865,2004-02-29,02:20:48.581568,32,17.5678,42.7853,1
866,2004-02-29,02:22:18.75631,32,17.5384,42.7853,1
867,2004-02-29,02:22:49.263664,32,17.5482,42.8187,1
868,2004-02-29,02:23:19.134392,32,17.5384,42.8521,1
869,2004-02-29,02:26:19.061603,32,17.4992,42.8855,1
870,2004-02-29,02:28:18.436221,32,17.4796,42.8855,1
871,2004-02-29,02:28:52.91745,32,17.4796,42.8855,1
872,2004-02-29,02:29:19.372539,32,17.4796,42.8855,1
873,2004-02-29,02:30:49.010423,32,17.46,42.9189,1
874,2004-02-29,02:32:49.037483,32,17.4404,42.9189,1
875,2004-02-29,02:37:49.109679,32,17.4012,43.1191,1
876,2004-02-29,02:38:18.547234,32,17.3914,43.1191,1
877,2004-02-29,02:38:48.864775,32,17.3914,43.1191,1
878,2004-02-29,02:39:19.326024,32,17.3816,43.1191,1
879,2004-02-29,02:40:49.110584,32,17.4012,43.1191,1
880,2004-02-29,02:41:53.43843,32,17.3914,43.1191,1
881,2004-02-29,02:43:18.698202,32,17.3718,43.1858,1
882,2004-02-29,02:43:48.472497,32,17.362000000000002,43.2525,1
883,2004-02-29,02:44:48.994953,32,17.3522,43.2525,1
884,2004-02-29,02:45:19.304183,32,17.362000000000002,43.2191,1
885,2004-02-29,02:46:49.000213,32,17.3424,43.2525,1
886,2004-02-29,02:48:19.211428,32,17.3424,43.2191,1
887,2004-02-29,02:48:48.569545,32,17.3228,43.2525,1
888,2004-02-29,02:49:18.836873,32,17.3326,43.2525,1
889,2004-02-29,02:49:49.319415,32,52.79488350731513,104.38314518752497,-1
890,2004-02-29,02:52:18.713834,32,17.313,43.3191,1
891,2004-02-29,02:54:18.705847,32,17.2836,43.3191,1
892,2004-02-29,02:55:19.427905,32,17.2836,43.3858,1
893,2004-02-29,03:02:19.228989,32,17.264,43.5855,1
894,2004-02-29,03:03:21.908132,32,17.264,43.5522,1
895,2004-02-29,03:03:49.229059,32,17.2542,43.5855,1
896,2004-02-29,03:04:18.564977,32,17.2542,43.5522,1
897,2004-02-29,03:04:49.04302,32,17.264,43.5855,1
898,2004-02-29,03:07:18.746482,32,17.2248,43.5855,1
899,2004-02-29,03:08:49.217476,32,17.2248,43.6188,1
900,2004-02-29,03:11:48.536044,32,17.215,43.5855,1
901,2004-02-29,03:14:18.799215,32,17.1856,43.6521,1
902,2004-02-29,03:19:54.426281,32,17.2346,43.6521,1
903,2004-02-29,03:27:48.55288,32,17.1856,43.6853,1
904,2004-02-29,03:28:49.323796,32,17.2052,43.6853,1
905,2004-02-29,03:30:18.557859,32,17.1856,43.6521,1
906,2004-02-29,03:31:19.347709,32,17.1954,43.6521,1
907,2004-02-29,03:33:49.346436,32,17.1856,43.7186,1
908,2004-02-29,03:35:48.835766,32,17.1464,43.7851,1
909,2004-02-29,03:39:49.390111,32,17.1464,43.8515,1
910,2004-02-29,03:40:48.654909,32,17.1366,43.8515,1
911,2004-02-29,03:42:49.090639,32,17.1366,43.918,1
912,2004-02-29,03:43:19.371335,32,73.78191262511018,111.82221388484197,-1
913,2004-02-29,03:46:20.701746,32,41.98093109560284,96.94403520377008,-1
914,2004-02-29,03:47:18.882404,32,44.06504186537066,104.22565367345177,-1
915,2004-02-29,03:50:18.617837,32,66.71445865195221,102.36722073832101,-1
916,2004-02-29,03:54:48.71294,32,17.067999999999998,44.1836,1
917,2004-02-29,03:56:48.696601,32,17.0582,44.1836,1
918,2004-02-29,03:58:48.65194,32,17.0484,44.2168,1
919,2004-02-29,04:00:19.424423,32,17.0484,44.2499,1
920,2004-02-29,04:01:49.439019,32,17.0582,44.2499,1
921,2004-02-29,04:03:03.902456,32,17.0484,44.2499,1
922,2004-02-29,04:03:48.774862,32,17.0484,44.3162,1
923,2004-02-29,04:05:19.443721,32,17.0582,44.1836,1
924,2004-02-29,04:06:19.209761,32,17.067999999999998,44.1836,1
925,2004-02-29,04:09:18.801426,32,17.0092,44.2499,1
926,2004-02-29,04:10:48.546373,32,17.019000000000002,44.3494,1
927,2004-02-29,04:11:18.837717,32,17.0092,44.2831,1
928,2004-02-29,04:14:49.598863,32,16.9994,44.4819,1
929,2004-02-29,04:20:23.690244,32,16.97,44.5813,1
930,2004-02-29,04:21:53.491017,32,16.97,44.5482,1
931,2004-02-29,04:22:20.694635,32,16.97,44.6144,1
932,2004-02-29,04:22:48.566275,32,16.97,44.5813,1
933,2004-02-29,04:23:20.84214,32,16.9798,44.5151,1
934,2004-02-29,04:23:52.867742,32,64.03557299593984,114.45005862725324,-1
935,2004-02-29,04:24:19.130567,32,16.97,44.5482,1
936,2004-02-29,04:24:48.846151,32,16.9798,44.5151,1
937,2004-02-29,04:25:19.156181,32,16.9602,44.5151,1
938,2004-02-29,04:27:22.204779,32,16.9504,44.5482,1
939,2004-02-29,04:28:23.667189,32,78.87898100320996,116.91331249944363,-1
940,2004-02-29,04:29:22.184769,32,33.453973219322165,98.13583497933398,-1
941,2004-02-29,04:35:19.036855,32,16.9308,44.8129,1
942,2004-02-29,04:40:18.885358,32,16.9014,44.879,1
943,2004-02-29,04:40:49.142375,32,16.8916,44.846,1
944,2004-02-29,04:41:19.728283,32,56.92332081870117,102.49279499428408,-1
945,2004-02-29,04:42:18.874918,32,16.9112,44.8129,1
946,2004-02-29,04:42:49.205089,32,16.9112,44.7798,1
947,2004-02-29,04:43:19.267421,32,16.9112,44.8129,1
948,2004-02-29,04:47:19.391725,32,16.872,44.846,1
949,2004-02-29,04:47:49.458365,32,16.8916,44.7798,1
950,2004-02-29,04:48:49.154668,32,16.8818,44.8129,1
951,2004-02-29,04:49:55.276627,32,16.8818,44.846,1
952,2004-02-29,04:50:23.951869,32,16.872,44.846,1
953,2004-02-29,04:52:55.246912,32,16.8426,45.0442,1
954,2004-02-29,04:55:19.187547,32,16.8426,45.0442,1
955,2004-02-29,04:56:19.194052,32,16.8524,45.0442,1
956,2004-02-29,04:57:49.469739,32,16.8622,45.0442,1
957,2004-02-29,04:59:49.260145,32,16.8622,45.0442,1
958,2004-02-29,05:00:49.547599,32,16.8524,44.9782,1
959,2004-02-29,05:04:19.258267,32,16.8132,45.0773,1
960,2004-02-29,05:06:19.487936,32,16.8132,45.0773,1
961,2004-02-29,05:06:49.00131,32,16.8132,45.0442,1
962,2004-02-29,05:09:49.211164,32,16.823,45.1103,1
963,2004-02-29,05:10:19.297634,32,16.823,45.1433,1
964,2004-02-29,05:12:49.231138,32,16.8132,45.1763,1
965,2004-02-29,05:17:19.569426,32,53.25740202879334,111.28614190378318,-1
966,2004-02-29,05:17:49.524481,32,16.7936,45.2753,1
967,2004-02-29,05:20:19.048285,32,16.7642,45.2753,1
968,2004-02-29,05:20:49.327525,32,16.774,45.3083,1
969,2004-02-29,05:23:19.593963,32,16.7544,45.3083,1
970,2004-02-29,05:24:19.250319,32,16.7544,45.3083,1
971,2004-02-29,05:24:49.28715,32,16.7446,45.2753,1
972,2004-02-29,05:25:19.625222,32,16.7544,45.3083,1
973,2004-02-29,05:26:18.841263,32,16.725,45.3413,1
974,2004-02-29,05:26:51.264489,32,16.7348,45.3413,1
975,2004-02-29,05:28:48.882149,32,16.7152,45.4402,1
976,2004-02-29,05:29:19.519864,32,16.6956,45.5061,1
977,2004-02-29,05:30:48.880498,32,16.7348,45.4402,1
978,2004-02-29,05:32:48.784517,32,16.7348,45.4732,1
979,2004-02-29,05:33:19.287024,32,16.7348,45.4732,1
980,2004-02-29,05:34:18.844301,32,16.7152,45.4732,1
981,2004-02-29,05:35:48.780643,32,16.7152,45.5061,1
982,2004-02-29,05:40:19.60457,32,16.6956,45.5391,1
983,2004-02-29,05:41:22.562159,32,16.6858,45.5391,1
984,2004-02-29,05:43:19.187021,32,16.6564,45.572,1
985,2004-02-29,05:46:18.933533,32,16.6368,45.6379,1
986,2004-02-29,05:46:48.962294,32,16.6172,45.7366,1
987,2004-02-29,05:49:49.575037,32,16.5976,45.8024,1
988,2004-02-29,05:52:48.700344,32,16.5976,45.8682,1
989,2004-02-29,05:55:18.843056,32,16.5976,45.9011,1
990,2004-02-29,05:55:55.917213,32,16.5976,45.9011,1
991,2004-02-29,05:56:49.261195,32,16.578,45.9011,1
992,2004-02-29,06:00:18.981175,32,16.578,45.9011,1
993,2004-02-29,06:02:18.992648,32,16.5584,45.934,1
994,2004-02-29,06:03:19.620779,32,16.5584,45.9011,1
995,2004-02-29,06:05:49.540752,32,16.5388,46.0326,1
996,2004-02-29,06:06:49.501117,32,16.5192,46.0655,1
997,2004-02-29,06:07:18.945979,32,16.529,46.0655,1
998,2004-02-29,06:08:19.5054,32,16.5192,46.0655,1
999,2004-02-29,06:11:20.163594,32,16.4996,46.0655,1
1000,2004-02-29,06:13:49.710197,32,16.5192,46.0655,1
1001,2004-02-29,06:15:19.181058,32,16.5192,46.0655,1
1002,2004-02-29,06:16:19.027433,32,16.5192,46.0655,1
1003,2004-02-29,06:17:48.961804,32,63.14615830872198,103.82786676459756,-1
1004,2004-02-29,06:18:48.776135,32,52.40436295339052,111.52803665968833,-1
1005,2004-02-29,06:21:55.481525,32,58.64957337011502,112.12718208282968,-1
1006,2004-02-29,06:23:19.37534,32,54.69000117581179,95.81120439582992,-1
1007,2004-02-29,06:24:49.96132,32,16.4996,46.164,1
1008,2004-02-29,06:28:18.823486,32,16.5094,46.164,1
1009,2004-02-29,06:29:19.47412,32,16.5094,46.0983,1
1010,2004-02-29,06:29:49.690018,32,16.5388,46.0983,1
1011,2004-02-29,06:31:19.57055,32,16.529,46.0983,1
1012,2004-02-29,06:32:19.560916,32,16.529,46.164,1
1013,2004-02-29,06:33:22.713326,32,16.5192,46.0655,1
1014,2004-02-29,06:34:24.330889,32,16.5192,46.0655,1
1015,2004-02-29,06:36:19.302427,32,16.529,46.0655,1
1016,2004-02-29,06:37:22.649888,32,16.529,46.0655,1
1017,2004-02-29,06:38:22.569157,32,16.4996,46.0655,1
1018,2004-02-29,06:40:25.247485,32,16.5192,46.164,1
1019,2004-02-29,06:42:48.96815,32,16.5192,46.2625,1
1020,2004-02-29,06:47:49.416096,32,16.5094,46.2953,1
1021,2004-02-29,06:48:18.971884,32,16.4996,46.2297,1
1022,2004-02-29,06:49:49.370698,32,16.5192,46.2953,1
1023,2004-02-29,06:54:54.008576,32,16.5192,46.1968,1
1024,2004-02-29,06:55:19.700959,32,16.5192,46.1968,1
1025,2004-02-29,06:57:19.408937,32,16.5192,46.164,1
1026,2004-02-29,07:00:20.894077,32,16.5192,46.2953,1
1027,2004-02-29,07:01:49.209214,32,16.5388,46.3281,1
1028,2004-02-29,07:05:18.96782,32,16.5486,46.2625,1
1029,2004-02-29,07:05:48.947905,32,16.5388,46.3609,1
1030,2004-02-29,07:06:48.981687,32,62.61755425107876,98.61426388930226,-1
1031,2004-02-29,07:07:21.471181,32,16.5388,46.2625,1
1032,2004-02-29,07:13:52.391859,32,16.529,46.2953,1
1033,2004-02-29,07:17:19.747414,32,16.5094,46.3609,1
1034,2004-02-29,07:18:19.191805,32,16.4996,46.3609,1
1035,2004-02-29,07:19:19.283805,32,16.5192,46.4921,1
1036,2004-02-29,07:22:19.242821,32,16.5388,46.3937,1
1037,2004-02-29,07:24:18.993815,32,16.5584,46.3281,1
1038,2004-02-29,07:24:49.772442,32,16.5584,46.2953,1
1039,2004-02-29,07:25:18.99251,32,16.5584,46.2953,1
1040,2004-02-29,07:26:19.64736,32,16.578,46.2297,1
1041,2004-02-29,07:27:19.096985,32,16.578,46.2297,1
1042,2004-02-29,07:28:19.602301,32,16.578,46.164,1
1043,2004-02-29,07:28:49.476497,32,16.578,46.164,1
1044,2004-02-29,07:29:49.369605,32,16.5878,46.1312,1
1045,2004-02-29,07:31:21.492289,32,16.5976,46.0655,1
1046,2004-02-29,07:32:48.880653,32,16.627,46.0655,1
1047,2004-02-29,07:33:52.451938,32,67.8356978874177,103.34580407979593,-1
1048,2004-02-29,07:35:49.893027,32,16.6172,46.0655,1
1049,2004-02-29,07:36:49.151329,32,16.627,46.0655,1
1050,2004-02-29,07:38:54.745328,32,16.676,46.0655,1
1051,2004-02-29,07:39:19.653035,32,16.676,46.0655,1
1052,2004-02-29,07:39:48.911102,32,16.6858,46.0326,1
1053,2004-02-29,07:40:20.196035,32,16.676,46.0326,1
1054,2004-02-29,07:40:57.109244,32,16.6956,46.0326,1
1055,2004-02-29,07:41:54.181162,32,16.6956,45.9997,1
1056,2004-02-29,07:46:23.773007,32,16.725,45.8682,1
1057,2004-02-29,07:48:48.914422,32,16.725,45.7695,1
1058,2004-02-29,07:50:24.040229,32,16.7446,45.7037,1
1059,2004-02-29,07:50:52.587692,32,16.7544,45.6708,1
1060,2004-02-29,07:52:25.500861,32,16.7838,45.6379,1
1061,2004-02-29,07:56:52.845645,32,51.760541490392114,113.69258985054961,-1
1062,2004-02-29,07:57:49.902129,32,16.8328,45.6049,1
1063,2004-02-29,07:59:49.423457,32,16.872,45.4402,1
1064,2004-02-29,08:04:53.486438,32,17.019000000000002,45.0442,1
1065,2004-02-29,08:05:55.332175,32,17.0484,44.9782,1
1066,2004-02-29,08:07:54.317011,32,66.99442646321572,102.98465505023583,-1
1067,2004-02-29,08:08:23.018833,32,17.166,44.879,1
1068,2004-02-29,08:11:19.731779,32,17.362000000000002,44.3494,1
1069,2004-02-29,08:12:24.171881,32,17.4208,44.2499,1
1070,2004-02-29,08:13:19.26464,32,17.4796,43.9844,1
1071,2004-02-29,08:18:19.008002,32,17.8716,42.9189,1
1072,2004-02-29,08:19:49.775149,32,17.9794,42.7185,1
1073,2004-02-29,08:20:19.746987,32,17.999000000000006,42.6516,1
1074,2004-02-29,08:22:49.952421,32,18.2146,42.38399999999999,1
1075,2004-02-29,08:23:19.026535,32,18.244,42.3505,1
1076,2004-02-29,08:23:49.067873,32,18.2734,42.25,1
1077,2004-02-29,08:24:20.526311,32,18.3224,42.183,1
1078,2004-02-29,08:25:19.506895,32,18.4204,42.11600000000001,1
1079,2004-02-29,08:27:19.769409,32,18.5184,41.8812,1
1080,2004-02-29,08:29:55.559799,32,69.23946657958429,104.83301651034051,-1
1081,2004-02-29,08:33:56.806062,32,55.46420723205961,98.21883528580688,-1
1082,2004-02-29,08:35:24.883507,32,19.0574,40.8718,1
1083,2004-02-29,08:35:50.978538,32,19.0868,40.8043,1
1084,2004-02-29,08:37:52.287789,32,19.2534,40.3652,1
1085,2004-02-29,08:38:21.755081,32,45.61349499958903,101.41033920895327,-1
1086,2004-02-29,08:38:51.769036,32,19.3612,40.0945,1
1087,2004-02-29,08:40:23.823263,32,19.5082,39.8235,1
1088,2004-02-29,08:40:49.358907,32,19.5572,39.62,1
1089,2004-02-29,08:42:49.501499,32,19.7434,39.2123,1
1090,2004-02-29,08:43:19.56742,32,19.7924,39.1443,1
1091,2004-02-29,08:48:49.370229,32,20.2236,37.9161,1
1092,2004-02-29,08:50:51.024938,32,20.3706,37.7107,1
1093,2004-02-29,08:51:20.331673,32,20.4098,37.5394,1
1094,2004-02-29,08:52:19.898608,32,20.4588,37.7107,1
1095,2004-02-29,08:54:24.687995,32,20.596,37.0933,1
1096,2004-02-29,08:57:20.413371,32,20.7724,36.8527,1
1097,2004-02-29,09:00:19.170478,32,20.792,36.6463,1
1098,2004-02-29,09:00:49.145229,32,20.8312,36.8871,1
1099,2004-02-29,09:01:49.629505,32,20.8606,36.6807,1
1100,2004-02-29,09:02:19.150494,32,20.89,36.5774,1
1101,2004-02-29,09:02:49.639406,32,20.9292,36.4741,1
1102,2004-02-29,09:04:49.62748,32,21.0468,36.2673,1
1103,2004-02-29,09:07:19.247889,32,21.1448,36.0948,1
1104,2004-02-29,09:07:49.810914,32,21.135,36.1293,1
1105,2004-02-29,09:10:49.671854,32,21.184,36.0603,1
1106,2004-02-29,09:11:50.374453,32,21.1742,36.1293,1
1107,2004-02-29,09:12:49.833938,32,21.1938,36.1638,1
1108,2004-02-29,09:13:19.038069,32,21.2036,36.0603,1
1109,2004-02-29,09:13:49.515134,32,21.2232,36.0603,1
1110,2004-02-29,09:14:49.607647,32,21.2624,35.9912,1
1111,2004-02-29,09:15:19.767992,32,21.2918,35.9912,1
1112,2004-02-29,09:15:49.019693,32,21.3114,35.9221,1
1113,2004-02-29,09:16:49.56538,32,21.3212,35.853,1
1114,2004-02-29,09:17:49.025797,32,59.071240716946676,96.39217714571626,-1
1115,2004-02-29,09:18:53.800699,32,81.80734129237105,102.55413219127533,-1
1116,2004-02-29,09:20:19.794998,32,21.4682,35.7148,1
1117,2004-02-29,09:21:49.795147,32,21.4388,35.7148,1
1118,2004-02-29,09:26:21.993494,32,65.26716546774797,106.51241065084366,-1
1119,2004-02-29,09:28:19.315087,32,21.5564,35.6802,1
1120,2004-02-29,09:29:21.864139,32,21.5564,35.7494,1
1121,2004-02-29,09:31:49.816562,32,21.576,35.6802,1
1122,2004-02-29,09:32:19.624865,32,21.576,35.6802,1
1123,2004-02-29,09:33:49.124432,32,21.5564,35.7494,1
1124,2004-02-29,09:34:49.515842,32,21.527,35.8185,1
1125,2004-02-29,09:35:53.136175,32,21.4682,35.9221,1
1126,2004-02-29,09:36:49.113453,32,62.65085015879963,90.79890898821603,-1
1127,2004-02-29,09:37:19.395704,32,76.07310811672488,84.05649155060522,-1
1128,2004-02-29,09:38:49.847645,32,21.331,36.3362,1
1129,2004-02-29,09:39:49.335284,32,21.2624,36.4052,1
1130,2004-02-29,09:40:49.114076,32,60.42120263755163,81.90801830977523,-1
1131,2004-02-29,09:41:53.075589,32,21.1546,36.7151,1
1132,2004-02-29,09:44:26.393213,32,21.0468,36.9215,1
1133,2004-02-29,09:47:49.901389,32,20.8704,37.3679,1
1134,2004-02-29,09:49:19.120127,32,20.792,37.6079,1
1135,2004-02-29,09:51:49.79873,32,20.6646,37.9161,1
1136,2004-02-29,09:52:49.152142,32,20.6156,37.9845,1
1137,2004-02-29,09:53:52.744089,32,20.5568,38.1555,1
1138,2004-02-29,09:55:49.200995,32,20.4686,38.3605,1
1139,2004-02-29,09:59:19.329067,32,20.498,38.2922,1
1140,2004-02-29,10:01:53.206467,32,64.98584103904741,95.47303996519318,-1
1141,2004-02-29,10:03:20.609336,32,20.645,37.9845,1
1142,2004-02-29,10:03:49.952833,32,20.6744,37.9845,1
1143,2004-02-29,10:05:19.233379,32,20.7038,37.9503,1
1144,2004-02-29,10:06:19.211511,32,20.7332,37.8477,1
1145,2004-02-29,10:09:52.097173,32,20.8704,37.7107,1
1146,2004-02-29,10:11:19.257665,32,20.9488,37.5737,1
1147,2004-02-29,10:11:49.246621,32,20.9586,37.5737,1
1148,2004-02-29,10:13:19.313952,32,21.0076,37.5051,1
1149,2004-02-29,10:15:19.49464,32,21.0958,37.3679,1
1150,2004-02-29,10:17:26.292712,32,21.184,37.162,1
1151,2004-02-29,10:22:49.648268,32,21.4388,36.6463,1
1152,2004-02-29,10:23:54.081465,32,21.478,36.543,1
1153,2004-02-29,10:25:19.224808,32,21.5564,36.4741,1
1154,2004-02-29,10:26:23.641086,32,21.5564,36.3707,1
1155,2004-02-29,10:27:49.852444,32,21.6054,36.3362,1
1156,2004-02-29,10:28:49.568464,32,47.61567810896453,108.03003031266661,-1
1157,2004-02-29,10:30:49.256525,32,21.5172,36.6118,1
1158,2004-02-29,10:31:19.285772,32,21.5074,36.6118,1
1159,2004-02-29,10:34:19.742992,32,21.625,36.4052,1
1160,2004-02-29,10:37:49.430017,32,21.7328,36.2673,1
1161,2004-02-29,10:40:56.086474,32,21.8112,36.0948,1
1162,2004-02-29,10:41:19.295046,32,21.8112,36.0948,1
1163,2004-02-29,10:43:49.312272,32,21.8406,35.9221,1
1164,2004-02-29,10:45:19.564271,32,21.8798,35.9221,1
1165,2004-02-29,10:45:49.76428,32,21.8896,35.9221,1
1166,2004-02-29,10:46:49.438393,32,21.9092,35.8876,1
1167,2004-02-29,10:52:19.983337,32,21.9876,35.9567,1
1168,2004-02-29,10:55:19.445181,32,22.0268,35.9221,1
1169,2004-02-29,10:56:19.926595,32,22.017,35.8185,1
1170,2004-02-29,10:58:49.339359,32,22.0464,35.9912,1
1171,2004-02-29,11:00:49.694928,32,22.0464,36.0603,1
1172,2004-02-29,11:01:49.46197,32,22.0856,35.8876,1
1173,2004-02-29,11:02:49.728331,32,22.0856,36.1638,1
1174,2004-02-29,11:03:19.864785,32,57.87901196958677,92.34425766367261,-1
1175,2004-02-29,11:04:53.427393,32,53.23263187979663,91.79691196116919,-1
1176,2004-02-29,11:08:19.276205,32,22.0758,36.0603,1
1177,2004-02-29,11:10:53.493793,32,22.0562,36.0603,1
1178,2004-02-29,11:11:49.289745,32,57.14026125466897,96.03024629099019,-1
1179,2004-02-29,11:13:19.713929,32,22.0464,36.1293,1
1180,2004-02-29,11:13:49.231914,32,22.0464,36.1638,1
1181,2004-02-29,11:15:20.676974,32,22.066,36.1293,1
1182,2004-02-29,11:15:54.974661,32,22.0562,36.1638,1
1183,2004-02-29,11:16:21.3908,32,22.066,36.0948,1
1184,2004-02-29,11:22:21.761952,32,22.0856,36.0603,1
1185,2004-02-29,11:25:50.003922,32,22.1542,35.9912,1
1186,2004-02-29,11:26:19.766512,32,22.1542,35.9912,1
1187,2004-02-29,11:27:19.626666,32,22.1836,35.853,1
1188,2004-02-29,11:27:49.911152,32,22.1836,35.853,1
1189,2004-02-29,11:28:19.412979,32,22.1836,35.853,1
1190,2004-02-29,11:29:49.772704,32,22.0954,36.1983,1
1191,2004-02-29,11:30:22.370637,32,22.066,36.0603,1
1192,2004-02-29,11:30:54.196877,32,22.0856,36.0603,1
1193,2004-02-29,11:31:21.302561,32,22.066,36.1293,1
1194,2004-02-29,11:32:24.361954,32,21.9974,36.3707,1
1195,2004-02-29,11:32:58.295945,32,21.9876,36.4052,1
1196,2004-02-29,11:33:25.34405,32,22.0072,36.3707,1
1197,2004-02-29,11:33:53.456805,32,22.0268,36.4052,1
1198,2004-02-29,11:35:20.182516,32,22.0268,36.4052,1
1199,2004-02-29,11:37:21.426372,32,22.0072,36.7495,1
1200,2004-02-29,11:38:19.984203,32,21.9778,36.6807,1
1201,2004-02-29,11:41:50.693182,32,22.066,36.3362,1
1202,2004-02-29,11:42:20.282955,32,22.0856,36.3362,1
1203,2004-02-29,11:42:49.68685,32,22.0856,36.3707,1
1204,2004-02-29,11:43:49.813754,32,22.0856,36.3707,1
1205,2004-02-29,11:44:24.519359,32,55.186860175752955,98.10644255351149,-1
1206,2004-02-29,11:45:50.05254,32,46.43940307437255,96.60086273211641,-1
1207,2004-02-29,11:46:49.842003,32,22.0562,36.3362,1
1208,2004-02-29,11:48:50.835674,32,21.9876,36.6807,1
1209,2004-02-29,11:49:21.37113,32,21.9582,36.543,1
1210,2004-02-29,11:50:53.483347,32,21.9484,37.059,1
1211,2004-02-29,11:51:51.336315,32,21.9386,36.8183,1
1212,2004-02-29,11:52:19.376994,32,21.9582,36.7495,1
1213,2004-02-29,11:52:55.206748,32,21.9582,36.6807,1
1214,2004-02-29,11:55:53.70199,32,21.9876,36.7495,1
1215,2004-02-29,11:56:51.536513,32,22.0268,36.7151,1
1216,2004-02-29,11:58:19.441792,32,22.066,36.543,1
1217,2004-02-29,11:59:25.991624,32,22.1052,36.4052,1
1218,2004-02-29,11:59:52.275009,32,22.115,36.3362,1
1219,2004-02-29,12:01:20.913144,32,22.115,36.4741,1
1220,2004-02-29,12:01:53.652456,32,22.1052,36.543,1
1221,2004-02-29,12:02:55.968724,32,22.1444,36.4396,1
1222,2004-02-29,12:03:25.948362,32,22.1542,36.4052,1
1223,2004-02-29,12:03:52.510721,32,22.164,36.3707,1
1224,2004-02-29,12:06:23.796043,32,22.2522,36.1983,1
1225,2004-02-29,12:06:53.923504,32,22.2424,36.2673,1
1226,2004-02-29,12:07:25.248161,32,22.2522,36.2673,1
1227,2004-02-29,12:08:25.167872,32,22.2522,36.2673,1
1228,2004-02-29,12:10:20.225065,32,22.262,36.1983,1
1229,2004-02-29,12:13:19.437647,32,22.2032,36.2328,1
1230,2004-02-29,12:15:49.634733,32,22.1542,36.543,1
1231,2004-02-29,12:16:50.152142,32,22.1738,36.543,1
1232,2004-02-29,12:17:19.434014,32,22.1836,36.5085,1
1233,2004-02-29,12:17:49.700059,32,22.1738,36.543,1
1234,2004-02-29,12:18:19.743614,32,22.1444,36.6807,1
1235,2004-02-29,12:20:50.216413,32,22.0954,36.7839,1
1236,2004-02-29,12:21:49.449765,32,65.51654186428873,77.64416119969474,-1
1237,2004-02-29,12:23:20.178858,32,68.96884678317181,98.60874794264764,-1
1238,2004-02-29,12:23:50.194278,32,55.31696998855617,88.63324564080084,-1
1239,2004-02-29,12:26:53.603857,32,21.8994,37.0933,1
1240,2004-02-29,12:29:22.256536,32,61.608691159324,87.59284306956062,-1
1241,2004-02-29,12:31:49.816232,32,21.8504,37.1963,1
1242,2004-02-29,12:32:19.366189,32,21.8504,37.0933,1
1243,2004-02-29,12:34:19.950852,32,21.8798,37.162,1
1244,2004-02-29,12:36:49.317193,32,21.8308,37.2307,1
1245,2004-02-29,12:37:20.855841,32,21.8112,37.4365,1
1246,2004-02-29,12:38:55.802663,32,21.8112,37.4708,1
1247,2004-02-29,12:39:53.055235,32,21.7916,37.5394,1
1248,2004-02-29,12:40:53.884313,32,21.772,37.7107,1
1249,2004-02-29,12:41:22.335258,32,21.7622,37.7792,1
1250,2004-02-29,12:41:49.327008,32,21.7524,37.745,1
1251,2004-02-29,12:43:54.860559,32,21.7426,37.8819,1
1252,2004-02-29,12:45:49.338345,32,21.6936,38.0529,1
1253,2004-02-29,12:46:52.471234,32,21.674,37.9161,1
1254,2004-02-29,12:49:51.125425,32,21.6152,37.9845,1
1255,2004-02-29,12:50:49.407803,32,21.6054,38.2239,1
1256,2004-02-29,12:53:28.481808,32,21.6054,38.1555,1
1257,2004-02-29,12:54:28.688512,32,21.6054,37.9161,1
1258,2004-02-29,12:54:50.892315,32,21.5956,38.0871,1
1259,2004-02-29,12:55:52.238707,32,21.6152,37.9161,1
1260,2004-02-29,12:56:56.931132,32,21.6054,37.9845,1
1261,2004-02-29,12:59:19.375046,32,21.7132,37.8134,1
1262,2004-02-29,13:01:23.974475,32,21.7524,37.7792,1
1263,2004-02-29,13:06:54.970799,32,21.7916,37.9845,1
1264,2004-02-29,13:07:20.086674,32,55.283668556624995,101.43741818786837,-1
1265,2004-02-29,13:08:27.128909,32,21.8112,37.5737,1
1266,2004-02-29,13:08:50.55415,32,21.8504,37.5737,1
1267,2004-02-29,13:11:20.979301,32,21.968000000000004,37.3679,1
1268,2004-02-29,13:12:51.943611,32,21.9288,37.2307,1
1269,2004-02-29,13:13:51.710034,32,21.9092,37.5394,1
1270,2004-02-29,13:14:54.01637,32,21.9092,37.5737,1
1271,2004-02-29,13:15:25.636023,32,21.9092,37.5394,1
1272,2004-02-29,13:16:49.430259,32,68.86969585957496,103.32584388903607,-1
1273,2004-02-29,13:17:19.487996,32,21.9288,37.4022,1
1274,2004-02-29,13:19:23.451358,32,21.9386,37.4365,1
1275,2004-02-29,13:20:23.699334,32,21.9582,37.3679,1
1276,2004-02-29,13:23:55.525101,32,22.0366,37.4022,1
1277,2004-02-29,13:24:51.005375,32,22.066,37.3336,1
1278,2004-02-29,13:27:50.04866,32,22.1052,37.2307,1
1279,2004-02-29,13:28:26.352664,32,22.115,37.2993,1
1280,2004-02-29,13:29:50.112754,32,22.0856,37.2307,1
1281,2004-02-29,13:30:28.821371,32,22.0954,37.2307,1
1282,2004-02-29,13:31:24.860653,32,22.0856,37.265,1
1283,2004-02-29,13:31:51.796915,32,22.0954,37.3679,1
1284,2004-02-29,13:35:56.420688,32,22.1542,37.162,1
1285,2004-02-29,13:36:30.946427,32,22.1542,37.0933,1
1286,2004-02-29,13:36:55.107273,32,22.1346,37.162,1
1287,2004-02-29,13:37:50.181076,32,22.115,37.162,1
1288,2004-02-29,13:39:54.943418,32,22.164,37.0933,1
1289,2004-02-29,13:40:54.045958,32,22.1542,37.0246,1
1290,2004-02-29,13:42:49.508655,32,22.1542,37.162,1
1291,2004-02-29,13:44:51.003631,32,22.164,37.1963,1
1292,2004-02-29,13:46:49.523831,32,22.1836,37.162,1
1293,2004-02-29,13:49:19.666214,32,69.2332150065407,99.44377750495529,-1
1294,2004-02-29,13:49:53.295788,32,22.2718,37.0933,1
1295,2004-02-29,13:52:50.320586,32,22.36,36.8183,1
1296,2004-02-29,13:54:49.801815,32,22.3796,36.7495,1
1297,2004-02-29,13:55:50.289143,32,22.4188,36.7495,1
1298,2004-02-29,13:59:49.61511,32,22.1444,37.1277,1
1299,2004-02-29,14:01:19.944849,32,22.164,37.2307,1
1300,2004-02-29,14:03:19.637392,32,22.1836,37.1277,1
1301,2004-02-29,14:07:20.095251,32,22.0954,37.2993,1
1302,2004-02-29,14:09:19.446367,32,22.0464,37.7107,1
1303,2004-02-29,14:10:25.821975,32,21.968000000000004,37.745,1
1304,2004-02-29,14:11:57.499189,32,21.8798,37.9161,1
1305,2004-02-29,14:12:23.460016,32,21.8504,38.0187,1
1306,2004-02-29,14:13:21.907777,32,21.8112,38.0529,1
1307,2004-02-29,14:15:24.916268,32,21.6544,38.1897,1
1308,2004-02-29,14:15:56.471679,32,21.6152,38.3263,1
1309,2004-02-29,14:16:50.192431,32,21.5564,38.5311,1
1310,2004-02-29,14:19:51.855356,32,21.3604,38.872,1
1311,2004-02-29,14:20:55.145529,32,21.3604,38.9742,1
1312,2004-02-29,14:21:19.531509,32,21.3212,38.9742,1
1313,2004-02-29,14:21:53.482566,32,21.3212,39.0082,1
1314,2004-02-29,14:23:28.391954,32,21.331,39.1103,1
1315,2004-02-29,14:24:20.426218,32,21.3604,39.0082,1
1316,2004-02-29,14:24:50.225538,32,21.3702,38.872,1
1317,2004-02-29,14:25:20.265279,32,21.3996,38.9061,1
1318,2004-02-29,14:25:52.862141,32,21.4192,38.7698,1
1319,2004-02-29,14:26:50.229642,32,21.4486,38.9401,1
1320,2004-02-29,14:27:24.373634,32,21.4584,38.7357,1
1321,2004-02-29,14:27:52.627887,32,21.478,38.7698,1
1322,2004-02-29,14:28:50.466047,32,21.5172,38.6675,1
1323,2004-02-29,14:29:58.481416,32,21.527,38.6675,1
1324,2004-02-29,14:30:19.564036,32,21.5564,38.4629,1
1325,2004-02-29,14:32:23.103826,32,21.6446,38.258,1
1326,2004-02-29,14:32:49.503535,32,21.6838,38.258,1
1327,2004-02-29,14:33:21.903081,32,21.7132,38.258,1
1328,2004-02-29,14:33:55.284157,32,21.7622,38.1897,1
1329,2004-02-29,14:36:59.415021,32,21.9092,37.7792,1
1330,2004-02-29,14:37:26.731387,32,21.9386,37.8134,1
1331,2004-02-29,14:37:50.875014,32,21.968000000000004,37.6422,1
1332,2004-02-29,14:38:50.994266,32,22.0268,37.6422,1
1333,2004-02-29,14:40:19.5245,32,22.0464,37.5394,1
1334,2004-02-29,14:41:20.241341,32,62.670622782448724,95.81019408913964,-1
1335,2004-02-29,14:41:50.312667,32,22.0758,37.5051,1
1336,2004-02-29,14:44:25.809798,32,22.0268,37.5737,1
1337,2004-02-29,14:44:53.651138,32,63.041423513008795,103.75151289196805,-1
1338,2004-02-29,14:45:27.867811,32,22.017,37.5051,1
1339,2004-02-29,14:46:49.41677,32,21.9386,37.7792,1
1340,2004-02-29,14:48:24.70666,32,21.821,37.8477,1
1341,2004-02-29,14:50:51.080856,32,21.7818,38.0529,1
1342,2004-02-29,14:52:51.367375,32,21.723000000000006,38.258,1
1343,2004-02-29,14:53:49.57988,32,21.6936,38.3605,1
1344,2004-02-29,14:57:54.233347,32,21.5172,38.872,1
1345,2004-02-29,14:58:52.35002,32,21.4976,39.0082,1
1346,2004-02-29,15:00:51.019381,32,57.14902842407845,111.74786019409504,-1
1347,2004-02-29,15:01:22.673138,32,21.4192,39.2803,1
1348,2004-02-29,15:01:56.161734,32,21.3996,39.1103,1
1349,2004-02-29,15:03:52.755702,32,21.3408,39.5521,1
1350,2004-02-29,15:06:50.505744,32,21.184,39.8913,1
1351,2004-02-29,15:07:52.108884,32,21.2036,39.6539,1
1352,2004-02-29,15:09:51.447275,32,73.11230575141408,107.89558971810519,-1
1353,2004-02-29,15:10:54.360026,32,55.30532386977898,116.38625955189872,-1
1354,2004-02-29,15:11:23.623842,32,21.2134,39.6878,1
1355,2004-02-29,15:14:56.312659,32,20.9684,40.0268,1
1356,2004-02-29,15:15:20.297284,32,20.9684,40.1622,1
1357,2004-02-29,15:17:56.8364,32,20.9684,40.2299,1
1358,2004-02-29,15:18:21.195643,32,68.17194629178177,102.31133369861877,-1
1359,2004-02-29,15:18:56.706486,32,20.9488,40.1622,1
1360,2004-02-29,15:20:21.079967,32,20.9292,40.2638,1
1361,2004-02-29,15:21:59.506622,32,20.9096,40.4666,1
1362,2004-02-29,15:23:26.235697,32,20.9096,40.4666,1
1363,2004-02-29,15:24:20.384568,32,20.939,40.4328,1
1364,2004-02-29,15:24:54.381018,32,48.61202625133278,111.5583922144172,-1
1365,2004-02-29,15:27:28.615954,32,20.9096,40.4328,1
1366,2004-02-29,15:30:22.928335,32,20.8508,40.7031,1
1367,2004-02-29,15:31:26.242102,32,20.841,40.7031,1
1368,2004-02-29,15:34:26.228262,32,20.792,40.8043,1
1369,2004-02-29,15:35:50.305777,32,20.743,40.7706,1
1370,2004-02-29,15:37:19.703755,32,20.694000000000006,40.8381,1
1371,2004-02-29,15:40:24.7205,32,20.596,41.1751,1
1372,2004-02-29,15:40:50.489631,32,59.4679940266403,98.83274278753667,-1
1373,2004-02-29,15:41:20.411742,32,64.36260963490125,87.30526982746295,-1
1374,2004-02-29,15:41:49.567604,32,65.35531145753397,87.62267553910011,-1
1375,2004-02-29,15:43:21.572606,32,20.4686,41.3771,1
1376,2004-02-29,15:44:56.031698,32,20.449,41.4444,1
1377,2004-02-29,15:47:20.482911,32,20.4098,41.5116,1
1378,2004-02-29,15:47:49.74167,32,20.3902,41.478,1
1379,2004-02-29,15:50:49.603169,32,20.3314,41.4108,1
1380,2004-02-29,15:51:20.522096,32,20.302,41.5116,1
1381,2004-02-29,15:53:19.760638,32,20.2432,41.7469,1
1382,2004-02-29,15:54:19.888792,32,20.2236,41.6461,1
1383,2004-02-29,15:54:49.765214,32,20.2236,41.6125,1
1384,2004-02-29,15:56:20.525268,32,20.2236,41.7469,1
1385,2004-02-29,15:56:50.490136,32,20.2236,41.7133,1
1386,2004-02-29,15:59:50.273315,32,20.1648,41.7133,1
1387,2004-02-29,16:00:20.25697,32,20.1452,41.7805,1
1388,2004-02-29,16:01:51.589068,32,57.08583791855389,109.94787539180538,-1
1389,2004-02-29,16:02:20.451278,32,20.1452,41.7469,1
1390,2004-02-29,16:03:19.789474,32,69.57927078208479,93.75655954814479,-1
1391,2004-02-29,16:03:49.833073,32,20.1158,41.7469,1
1392,2004-02-29,16:04:52.25504,32,20.1256,41.8476,1
1393,2004-02-29,16:05:50.154512,32,20.106,41.7133,1
1394,2004-02-29,16:06:50.021397,32,20.0766,41.8476,1
1395,2004-02-29,16:08:19.650333,32,20.0472,41.9147,1
1396,2004-02-29,16:09:19.659982,32,20.008,41.9818,1
1397,2004-02-29,16:10:52.115796,32,19.9884,42.25,1
1398,2004-02-29,16:11:49.787691,32,19.9982,42.2165,1
1399,2004-02-29,16:12:25.455543,32,20.008,42.11600000000001,1
1400,2004-02-29,16:13:25.542856,32,20.008,42.11600000000001,1
1401,2004-02-29,16:14:20.635855,32,20.0472,42.0489,1
1402,2004-02-29,16:14:50.637069,32,19.9884,42.0824,1
1403,2004-02-29,16:16:52.150628,32,19.959,42.11600000000001,1
1404,2004-02-29,16:17:21.487959,32,19.9296,42.11600000000001,1
1405,2004-02-29,16:17:54.857404,32,19.91,42.25,1
1406,2004-02-29,16:18:52.298362,32,19.8708,42.3505,1
1407,2004-02-29,16:19:20.45033,32,54.938222774373045,108.05795218128998,-1
1408,2004-02-29,16:21:26.754649,32,19.9296,42.5178,1
1409,2004-02-29,16:21:56.361522,32,19.9492,42.5847,1
1410,2004-02-29,16:24:22.992966,32,19.959,42.4844,1
1411,2004-02-29,16:24:51.281755,32,19.9688,42.5178,1
1412,2004-02-29,16:26:50.449206,32,19.9492,42.38399999999999,1
1413,2004-02-29,16:27:49.71017,32,19.91,42.4174,1
1414,2004-02-29,16:30:50.474126,32,19.861,42.4844,1
1415,2004-02-29,16:31:19.72514,32,19.8316,42.685,1
1416,2004-02-29,16:31:49.745934,32,19.8316,42.7853,1
1417,2004-02-29,16:32:19.867054,32,19.8316,42.7185,1
1418,2004-02-29,16:36:19.904349,32,19.8414,42.6516,1
1419,2004-02-29,16:37:20.364657,32,19.8218,42.5847,1
1420,2004-02-29,16:37:50.276492,32,19.812,42.5847,1
1421,2004-02-29,16:38:19.737935,32,19.7924,42.685,1
1422,2004-02-29,16:38:50.262367,32,19.7826,42.6516,1
1423,2004-02-29,16:39:20.510878,32,19.7728,42.7519,1
1424,2004-02-29,16:39:49.737892,32,19.7532,42.7853,1
1425,2004-02-29,16:41:19.805631,32,19.7532,42.8521,1
1426,2004-02-29,16:45:54.109254,32,19.7728,42.8187,1
1427,2004-02-29,16:48:49.75225,32,19.7532,42.685,1
1428,2004-02-29,16:49:28.081222,32,19.7336,42.8855,1
1429,2004-02-29,16:50:58.215216,32,19.7336,42.8521,1
1430,2004-02-29,16:53:25.710235,32,19.6944,42.6516,1
1431,2004-02-29,16:54:49.783121,32,19.665,42.9189,1
1432,2004-02-29,16:55:30.814502,32,19.6552,42.8521,1
1433,2004-02-29,16:55:58.141736,32,19.6552,42.8521,1
1434,2004-02-29,16:57:20.539757,32,19.616,42.8521,1
1435,2004-02-29,16:59:54.27788,32,19.616,43.019,1
1436,2004-02-29,17:00:22.39452,32,19.5964,42.9523,1
1437,2004-02-29,17:02:20.579122,32,19.5572,42.9856,1
1438,2004-02-29,17:04:19.552193,32,19.5474,42.9189,1
1439,2004-02-29,17:04:55.096809,32,19.5376,43.019,1
1440,2004-02-29,17:05:51.095707,32,19.5376,42.9523,1
1441,2004-02-29,17:07:55.892082,32,19.5572,42.685,1
1442,2004-02-29,17:10:50.010257,32,19.5572,42.7185,1
1443,2004-02-29,17:12:20.086312,32,19.4886,42.7853,1
1444,2004-02-29,17:12:50.140867,32,19.4886,42.7185,1
1445,2004-02-29,17:14:20.582033,32,19.42,42.7853,1
1446,2004-02-29,17:14:50.623844,32,19.42,43.019,1
1447,2004-02-29,17:15:50.346375,32,19.3906,42.9523,1
1448,2004-02-29,17:16:19.971651,32,19.4102,43.019,1
1449,2004-02-29,17:16:54.008481,32,19.4004,43.0524,1
1450,2004-02-29,17:17:26.59948,32,19.3808,42.9856,1
1451,2004-02-29,17:22:51.462587,32,19.3906,43.1525,1
1452,2004-02-29,17:23:26.816194,32,69.56227196206831,100.87841941864139,-1
1453,2004-02-29,17:26:19.907195,32,19.3318,43.519,1
1454,2004-02-29,17:27:52.344825,32,19.3416,43.2191,1
1455,2004-02-29,17:28:26.81486,32,19.322,43.2525,1
1456,2004-02-29,17:30:56.787192,32,19.273,43.1191,1
1457,2004-02-29,17:31:50.673541,32,19.2436,43.1858,1
1458,2004-02-29,17:32:27.852183,32,19.2436,43.3191,1
1459,2004-02-29,17:32:56.991328,32,19.224,43.1858,1
1460,2004-02-29,17:34:24.268661,32,19.175,43.2858,1
1461,2004-02-29,17:37:25.920643,32,19.1358,43.3191,1
1462,2004-02-29,17:37:55.924295,32,19.1554,43.3858,1
1463,2004-02-29,17:38:19.774821,32,55.97573500507981,98.82143359330593,-1
1464,2004-02-29,17:38:49.766199,32,54.35774689140094,99.07306083201794,-1
1465,2004-02-29,17:39:24.069829,32,60.05954213225378,100.64777263937901,-1
1466,2004-02-29,17:39:49.802338,32,19.1358,43.2525,1
1467,2004-02-29,17:40:19.772271,32,19.126,43.3858,1
1468,2004-02-29,17:40:55.927646,32,19.126,43.2858,1
1469,2004-02-29,17:43:22.426566,32,19.0868,43.3191,1
1470,2004-02-29,17:44:24.097395,32,19.0868,43.3525,1
1471,2004-02-29,17:44:55.221359,32,19.1162,43.2525,1
1472,2004-02-29,17:45:27.718978,32,19.126,43.2525,1
1473,2004-02-29,17:45:56.660721,32,19.1162,43.2858,1
1474,2004-02-29,17:46:28.675099,32,19.1064,43.4524,1
1475,2004-02-29,17:47:25.156398,32,19.0966,43.4524,1
1476,2004-02-29,17:47:51.401839,32,19.077,43.4524,1
1477,2004-02-29,17:48:53.36398,32,19.0966,43.5855,1
1478,2004-02-29,17:50:19.803828,32,19.0966,43.3858,1
1479,2004-02-29,17:51:19.874233,32,19.0868,43.918,1
1480,2004-02-29,17:51:49.809933,32,19.0868,43.519,1
1481,2004-02-29,17:52:49.831981,32,19.0672,43.5855,1
1482,2004-02-29,17:55:52.602791,32,18.9692,43.519,1
1483,2004-02-29,17:56:50.018587,32,18.9398,43.5522,1
1484,2004-02-29,17:57:27.625773,32,18.9398,43.5855,1
1485,2004-02-29,17:59:20.73565,32,18.8516,43.519,1
1486,2004-02-29,17:59:53.76405,32,18.8418,43.5855,1
1487,2004-02-29,18:01:21.689537,32,18.832,43.7518,1
1488,2004-02-29,18:03:27.698215,32,18.8712,43.5855,1
1489,2004-02-29,18:05:28.555387,32,18.8418,43.519,1
1490,2004-02-29,18:06:25.319908,32,18.832,43.4524,1
1491,2004-02-29,18:06:57.340993,32,48.777036975082396,92.99946522621795,-1
1492,2004-02-29,18:07:19.870723,32,18.7732,43.6188,1
1493,2004-02-29,18:09:55.957111,32,70.26285931919581,94.23090874715915,-1
1494,2004-02-29,18:11:24.16454,32,59.23249270227672,106.00132737274333,-1
1495,2004-02-29,18:12:20.642052,32,18.7536,43.6853,1
1496,2004-02-29,18:13:54.197881,32,18.7144,43.7186,1
1497,2004-02-29,18:14:49.995741,32,18.7046,43.7851,1
1498,2004-02-29,18:17:29.980469,32,63.7306622532482,103.90295768229961,-1
1499,2004-02-29,18:17:54.427908,32,18.685,43.7518,1
1500,2004-02-29,18:19:25.88928,32,18.6752,43.6521,1
1501,2004-02-29,18:19:51.170178,32,18.6654,43.7186,1
1502,2004-02-29,18:22:53.26367,32,18.685,43.7186,1
1503,2004-02-29,18:25:50.669386,32,18.636,43.8183,1
1504,2004-02-29,18:26:26.90094,32,18.6458,43.7851,1
1505,2004-02-29,18:27:19.959705,32,18.636,43.8183,1
1506,2004-02-29,18:30:27.643506,32,18.6164,43.7851,1
1507,2004-02-29,18:33:00.678796,32,18.5772,43.7186,1
1508,2004-02-29,18:33:24.778293,32,18.5772,43.8515,1
1509,2004-02-29,18:37:19.930791,32,18.5576,43.8515,1
1510,2004-02-29,18:37:51.06976,32,18.5674,43.7518,1
1511,2004-02-29,18:38:24.285493,32,18.5674,43.7186,1
1512,2004-02-29,18:43:19.960383,32,18.587,43.7851,1
1513,2004-02-29,18:49:55.406112,32,18.538,43.8515,1
1514,2004-02-29,18:54:20.262527,32,18.5184,43.6853,1
1515,2004-02-29,18:58:20.773432,32,18.5184,43.5855,1
1516,2004-02-29,18:59:52.644502,32,71.3338948416907,106.15511168298524,-1
1517,2004-02-29,19:01:50.03515,32,69.3567192722036,99.61274937872828,-1
1518,2004-02-29,19:02:50.043218,32,18.4106,44.0508,1
1519,2004-02-29,19:04:50.904917,32,18.4498,43.9844,1
1520,2004-02-29,19:06:50.068087,32,18.4302,44.0508,1
1521,2004-02-29,19:08:22.671969,32,18.4596,43.918,1
1522,2004-02-29,19:09:20.549549,32,43.91257441011377,106.10912987264919,-1
1523,2004-02-29,19:14:50.174026,32,18.4204,43.7518,1
1524,2004-02-29,19:15:19.954615,32,18.4106,43.8515,1
1525,2004-02-29,19:18:20.114678,32,18.4008,43.7186,1
1526,2004-02-29,19:18:50.910137,32,18.4106,43.8183,1
1527,2004-02-29,19:19:20.406131,32,18.4106,43.8515,1
1528,2004-02-29,19:19:50.05277,32,18.4204,43.918,1
1529,2004-02-29,19:21:19.923356,32,18.3714,44.0176,1
1530,2004-02-29,19:22:50.722638,32,18.3518,44.084,1
1531,2004-02-29,19:23:50.387291,32,18.3616,44.084,1
1532,2004-02-29,19:24:20.355114,32,18.3616,44.084,1
1533,2004-02-29,19:29:21.869991,32,18.342,44.1836,1
1534,2004-02-29,19:30:21.001812,32,18.3616,44.1172,1
1535,2004-02-29,19:31:50.702434,32,18.4008,44.0176,1
1536,2004-02-29,19:32:20.065925,32,18.4106,43.9512,1
1537,2004-02-29,19:34:21.003205,32,18.4204,43.8515,1
1538,2004-02-29,19:34:50.911243,32,18.4204,43.8515,1
1539,2004-02-29,19:35:50.072358,32,18.3812,43.7851,1
1540,2004-02-29,19:37:20.833391,32,18.3616,43.8183,1
1541,2004-02-29,19:41:50.163273,32,18.3028,43.8848,1
1542,2004-02-29,19:43:53.699787,32,18.2832,44.1504,1
1543,2004-02-29,19:44:20.194165,32,18.293,44.084,1
1544,2004-02-29,19:47:20.851542,32,18.2832,44.1836,1
1545,2004-02-29,19:50:50.914118,32,18.2636,44.2168,1
1546,2004-02-29,19:52:54.461384,32,18.293,44.1172,1
1547,2004-02-29,19:53:50.252843,32,18.3126,44.1172,1
1548,2004-02-29,19:56:22.77959,32,18.3224,43.918,1
1549,2004-02-29,19:56:58.218517,32,18.342,43.918,1
1550,2004-02-29,19:57:25.533672,32,39.36491237614014,102.95363408136706,-1
1551,2004-02-29,19:58:21.752522,32,54.181048068459106,97.30090516474019,-1
1552,2004-02-29,19:58:57.643944,32,56.971996672334434,95.98641847353593,-1
1553,2004-02-29,19:59:50.58831,32,61.013832599304735,100.81635512721121,-1
1554,2004-02-29,20:01:20.573457,32,57.619056539067785,113.33907175444091,-1
1555,2004-02-29,20:01:50.709187,32,18.293,44.0508,1
1556,2004-02-29,20:05:50.181042,32,18.2636,44.1836,1
1557,2004-02-29,20:07:20.560142,32,18.2636,44.1836,1
1558,2004-02-29,20:08:23.648756,32,18.2636,44.2168,1
1559,2004-02-29,20:09:22.712039,32,18.2636,44.1172,1
1560,2004-02-29,20:09:57.196171,32,42.77019733648445,120.64306989550796,-1
1561,2004-02-29,20:10:20.859053,32,18.2636,44.1836,1
1562,2004-02-29,20:10:53.841956,32,18.2734,44.1172,1
1563,2004-02-29,20:12:54.251491,32,18.2538,44.1836,1
1564,2004-02-29,20:13:53.174231,32,18.2636,44.1836,1
1565,2004-02-29,20:16:23.821192,32,18.2832,43.9844,1
1566,2004-02-29,20:23:00.334485,32,18.1754,44.1172,1
1567,2004-02-29,20:23:23.733695,32,18.1852,44.1172,1
1568,2004-02-29,20:24:20.442007,32,18.1852,44.1836,1
1569,2004-02-29,20:28:50.625749,32,18.2048,44.2168,1
1570,2004-02-29,20:29:50.202448,32,18.2048,44.2831,1
1571,2004-02-29,20:31:50.903463,32,18.1852,44.2831,1
1572,2004-02-29,20:34:50.164876,32,18.146,44.3162,1
1573,2004-02-29,20:35:20.677492,32,18.146,44.3825,1
1574,2004-02-29,20:39:50.161446,32,18.146,44.2499,1
1575,2004-02-29,20:41:50.679698,32,18.146,44.084,1
1576,2004-02-29,20:43:22.966726,32,57.02542964250989,107.91618952632852,-1
1577,2004-02-29,20:44:50.19847,32,18.1166,44.2499,1
1578,2004-02-29,20:45:20.432246,32,18.1264,44.2499,1
1579,2004-02-29,20:45:50.208538,32,18.1166,44.2831,1
1580,2004-02-29,20:49:50.288463,32,18.1264,44.3494,1
1581,2004-02-29,20:50:20.524001,32,18.1166,44.3494,1
1582,2004-02-29,20:51:20.061128,32,18.1068,44.4488,1
1583,2004-02-29,20:51:57.27938,32,18.1068,44.4488,1
1584,2004-02-29,20:52:50.25688,32,18.0872,44.4819,1
1585,2004-02-29,20:53:20.980602,32,72.43668254813807,111.06451325010792,-1
1586,2004-02-29,20:55:20.814942,32,62.26443233910233,113.40849659784999,-1
1587,2004-02-29,20:55:56.501785,32,61.253313549252,123.51763908062358,-1
1588,2004-02-29,20:58:50.333989,32,50.39871925052047,102.74508532285344,-1
1589,2004-02-29,20:59:20.087653,32,18.1264,44.2831,1
1590,2004-02-29,20:59:50.843603,32,18.1068,44.2499,1
1591,2004-02-29,21:00:50.106467,32,18.1068,44.1836,1
1592,2004-02-29,21:01:51.003062,32,18.1068,44.3162,1
1593,2004-02-29,21:03:20.116328,32,18.097,44.2168,1
1594,2004-02-29,21:04:50.854706,32,18.0872,44.3825,1
1595,2004-02-29,21:05:49.97397,32,18.0774,44.4488,1
1596,2004-02-29,21:06:21.054775,32,18.0676,44.4488,1
1597,2004-02-29,21:07:20.355391,32,18.0676,44.5151,1
1598,2004-02-29,21:08:20.112876,32,18.0774,44.4488,1
1599,2004-02-29,21:08:50.776008,32,18.0774,44.5482,1
1600,2004-02-29,21:09:20.576869,32,18.0872,44.4819,1
1601,2004-02-29,21:10:50.542708,32,18.1068,44.4819,1
1602,2004-02-29,21:11:20.265359,32,18.0872,44.5151,1
1603,2004-02-29,21:11:50.779492,32,56.32768997732566,109.90014364911244,-1
1604,2004-02-29,21:14:51.133906,32,18.0774,44.5151,1
1605,2004-02-29,21:16:20.586853,32,18.0774,44.5482,1
1606,2004-02-29,21:17:20.928609,32,79.66128186280562,110.02097549702643,-1
1607,2004-02-29,21:21:50.71889,32,18.0578,44.3825,1
1608,2004-02-29,21:22:20.276957,32,18.0578,44.4488,1
1609,2004-02-29,21:23:20.318384,32,18.0676,44.2499,1
1610,2004-02-29,21:23:50.672813,32,18.0676,44.2499,1
1611,2004-02-29,21:25:20.400005,32,18.0578,44.4488,1
1612,2004-02-29,21:25:50.168765,32,18.0774,44.4819,1
1613,2004-02-29,21:26:23.91273,32,18.0676,44.4819,1
1614,2004-02-29,21:27:20.621445,32,18.0578,44.5482,1
1615,2004-02-29,21:33:20.945754,32,18.0676,44.5813,1
1616,2004-02-29,21:34:20.90637,32,18.0676,44.5813,1
1617,2004-02-29,21:37:50.225214,32,18.0676,44.5151,1
1618,2004-02-29,21:38:20.209729,32,18.0676,44.4819,1
1619,2004-02-29,21:39:20.195198,32,18.0676,44.5151,1
1620,2004-02-29,21:41:23.888371,32,18.048,44.5151,1
1621,2004-02-29,21:43:20.749771,32,18.048,44.3825,1
1622,2004-02-29,21:44:00.230391,32,18.048,44.4157,1
1623,2004-02-29,21:44:29.191558,32,18.0284,44.4157,1
1624,2004-02-29,21:48:20.880988,32,18.0186,44.7137,1
1625,2004-02-29,21:49:20.337016,32,18.0284,44.6144,1
1626,2004-02-29,21:49:50.255499,32,62.220335230895884,108.15697917609774,-1
1627,2004-02-29,21:50:50.720531,32,18.048,44.5813,1
1628,2004-02-29,21:53:51.120604,32,18.048,44.6475,1
1629,2004-02-29,21:55:50.43186,32,18.0578,44.6144,1
1630,2004-02-29,22:00:50.261626,32,18.0578,44.3825,1
1631,2004-02-29,22:03:50.922696,32,18.0088,44.4488,1
1632,2004-02-29,22:04:50.424045,32,18.0088,44.4488,1
1633,2004-02-29,22:08:51.991439,32,17.9892,44.6806,1
1634,2004-02-29,22:09:50.809598,32,17.9696,44.6475,1
1635,2004-02-29,22:11:20.560435,32,17.9892,44.6806,1
1636,2004-02-29,22:15:21.070207,32,62.21967849092103,100.19861268036126,-1
1637,2004-02-29,22:16:50.405586,32,17.999000000000006,44.7137,1
1638,2004-02-29,22:19:50.300779,32,17.9892,44.6475,1
1639,2004-02-29,22:22:21.116408,32,17.95,44.5482,1
1640,2004-02-29,22:28:24.879013,32,17.9206,44.7798,1
1641,2004-02-29,22:28:51.12133,32,17.9304,44.7798,1
1642,2004-02-29,22:29:27.750744,32,17.95,44.7798,1
1643,2004-02-29,22:30:00.05434,32,17.9304,44.7798,1
1644,2004-02-29,22:30:54.240392,32,17.9402,44.7798,1
1645,2004-02-29,22:36:55.55904,32,17.9108,44.9782,1
1646,2004-02-29,22:37:55.0366,32,71.70173237627083,107.79294617474841,-1
1647,2004-02-29,22:38:50.231995,32,17.9108,44.9121,1
1648,2004-02-29,22:39:29.644158,32,17.901,44.9121,1
1649,2004-02-29,22:40:22.345968,32,17.9108,44.7798,1
1650,2004-02-29,22:41:00.325827,32,58.07606284735995,114.91940231769149,-1
1651,2004-02-29,22:41:20.228485,32,17.9108,44.7467,1
1652,2004-02-29,22:42:57.170604,32,17.8912,44.7137,1
1653,2004-02-29,22:46:51.066488,32,17.8814,44.879,1
1654,2004-02-29,22:47:21.007076,32,17.8814,44.9121,1
1655,2004-02-29,22:49:51.0108,32,17.8716,44.9121,1
1656,2004-02-29,22:51:50.278265,32,17.852,44.9782,1
1657,2004-02-29,22:52:20.331073,32,63.2347707225252,110.8364925556931,-1
1658,2004-02-29,22:53:21.169551,32,60.4522651081699,119.98479847453785,-1
1659,2004-02-29,22:53:50.312263,32,61.79291249995331,113.94335183577468,-1
1660,2004-02-29,22:56:51.029609,32,63.580032887809,120.76646010198384,-1
1661,2004-02-29,22:59:20.581591,32,17.8324,45.0112,1
1662,2004-02-29,22:59:56.28572,32,17.8324,45.0442,1
1663,2004-02-29,23:00:20.534638,32,17.8226,45.0442,1
1664,2004-02-29,23:01:20.346644,32,17.8226,45.0112,1
1665,2004-02-29,23:03:20.298017,32,17.8128,44.9121,1
1666,2004-02-29,23:04:50.431845,32,17.8128,45.0442,1
1667,2004-02-29,23:05:22.342973,32,17.8324,45.0442,1
1668,2004-02-29,23:06:50.316425,32,17.852,44.9121,1
1669,2004-02-29,23:07:20.810325,32,17.8618,44.846,1
1670,2004-02-29,23:08:21.023783,32,59.749467523860375,104.73042303760246,-1
1671,2004-02-29,23:09:50.388754,32,17.8716,44.9121,1
1672,2004-02-29,23:11:51.124522,32,17.852,45.0442,1
1673,2004-02-29,23:12:51.027561,32,17.8324,45.1763,1
1674,2004-02-29,23:15:21.154753,32,17.8128,45.1103,1
1675,2004-02-29,23:20:20.757303,32,17.7638,45.1103,1
1676,2004-02-29,23:21:20.950509,32,17.754,45.1433,1
1677,2004-02-29,23:22:21.343447,32,17.7736,45.1103,1
1678,2004-02-29,23:22:50.558756,32,17.754,45.1103,1
1679,2004-02-29,23:23:50.36144,32,17.7932,45.1103,1
1680,2004-02-29,23:25:21.117201,32,17.7932,45.1103,1
1681,2004-02-29,23:30:50.759794,32,17.7344,45.3413,1
1682,2004-02-29,23:31:51.208713,32,67.06108017749213,110.5526283565035,-1
1683,2004-02-29,23:34:20.62448,32,54.3298215749667,108.89233006044958,-1
1684,2004-02-29,23:36:50.417931,32,17.7834,45.1103,1
1685,2004-02-29,23:37:51.172026,32,17.7736,45.1103,1
1686,2004-02-29,23:39:20.427847,32,17.7638,45.1763,1
1687,2004-02-29,23:39:51.033316,32,17.754,45.1103,1
1688,2004-02-29,23:41:20.506085,32,17.7344,45.2423,1
1689,2004-02-29,23:41:50.916928,32,17.7246,45.2423,1
1690,2004-02-29,23:42:20.410381,32,17.7246,45.2423,1
1691,2004-02-29,23:44:50.944209,32,17.7344,45.3083,1
1692,2004-02-29,23:46:21.244866,32,17.7148,45.3743,1
1693,2004-02-29,23:48:54.434215,32,17.7246,45.4402,1
1694,2004-02-29,23:49:20.488169,32,17.7344,45.4402,1
1695,2004-02-29,23:50:20.524186,32,17.7344,45.4072,1
1696,2004-02-29,23:51:50.768719,32,17.7148,45.5061,1
1697,2004-02-29,23:56:50.458485,32,40.041041425965666,108.84110451505107,-1
1698,2004-02-29,23:58:50.455303,32,17.6658,45.5391,1
