1,2004-02-28,01:00:16.613426,30,18.6556,40.973,1
2,2004-02-28,01:01:16.154589,30,18.4596,41.5789,1
3,2004-02-28,01:04:46.845856,30,18.1068,42.5847,1
4,2004-02-28,01:08:15.942737,30,18.048,42.8855,1
5,2004-02-28,01:08:46.097328,30,18.0284,42.9189,1
6,2004-02-28,01:10:16.206061,30,18.0382,42.7185,1
7,2004-02-28,01:10:46.322311,30,74.910922347588,107.60811603707575,-1
8,2004-02-28,01:11:16.326481,30,18.048,42.7185,1
9,2004-02-28,01:12:16.61413,30,18.0284,42.7853,1
10,2004-02-28,01:14:16.867407,30,18.0284,42.5178,1
11,2004-02-28,01:14:46.276837,30,18.0186,42.9856,1
12,2004-02-28,01:16:16.380017,30,17.9794,42.685,1
13,2004-02-28,01:17:15.965276,30,17.9402,42.8521,1
14,2004-02-28,01:17:46.520341,30,17.9402,42.8855,1
15,2004-02-28,01:18:17.002001,30,17.9206,42.7853,1
16,2004-02-28,01:19:16.227809,30,17.9108,42.7185,1
17,2004-02-28,01:20:16.249632,30,17.901,42.5178,1
18,2004-02-28,01:20:46.229544,30,17.901,42.5178,1
19,2004-02-28,01:22:46.678487,30,17.8912,42.5178,1
20,2004-02-28,01:26:16.298389,30,17.8716,42.5178,1
21,2004-02-28,01:26:46.092738,30,17.8716,42.6182,1
22,2004-02-28,01:27:46.353364,30,17.8618,42.5847,1
23,2004-02-28,01:29:46.788179,30,17.8716,42.5847,1
24,2004-02-28,01:31:16.891315,30,17.8912,42.6516,1
25,2004-02-28,01:32:16.406082,30,17.8912,42.6516,1
26,2004-02-28,01:32:46.061712,30,17.8912,42.685,1
27,2004-02-28,01:33:16.291086,30,17.8912,42.6516,1
28,2004-02-28,01:35:46.331169,30,17.8716,42.5847,1
29,2004-02-28,01:38:16.399717,30,17.8324,42.5178,1
30,2004-02-28,01:40:16.893914,30,17.8128,42.5513,1
31,2004-02-28,01:41:46.139437,30,17.8128,42.4509,1
32,2004-02-28,01:42:46.507266,30,17.8324,42.4174,1
33,2004-02-28,01:43:16.238552,30,17.8128,42.4174,1
34,2004-02-28,01:43:46.950806,30,17.8324,42.4509,1
35,2004-02-28,01:44:16.996876,30,17.8324,42.4509,1
36,2004-02-28,01:44:46.221576,30,17.8226,42.4509,1
37,2004-02-28,01:46:16.152624,30,17.803,42.5178,1
38,2004-02-28,01:46:46.439596,30,17.803,42.5178,1
39,2004-02-28,01:47:16.744648,30,17.7932,42.5847,1
40,2004-02-28,01:48:16.703042,30,60.90169829680596,110.68494094013403,-1
41,2004-02-28,01:50:16.51814,30,17.7932,42.5847,1
42,2004-02-28,01:51:16.20007,30,53.55307136049892,91.07660280775653,-1
43,2004-02-28,01:51:46.919954,30,17.7932,42.5847,1
44,2004-02-28,01:53:16.914335,30,17.7834,42.6516,1
45,2004-02-28,01:53:46.918823,30,17.7834,42.6182,1
46,2004-02-28,01:55:46.455429,30,17.7736,42.6516,1
47,2004-02-28,01:58:16.619913,30,17.754,42.5847,1
48,2004-02-28,01:58:46.643394,30,17.7344,42.5847,1
49,2004-02-28,02:00:16.84906,30,17.7344,42.5847,1
50,2004-02-28,02:00:46.602716,30,17.7344,42.5847,1
51,2004-02-28,02:01:16.266266,30,17.7148,42.5847,1
52,2004-02-28,02:01:46.678965,30,17.7246,42.5513,1
53,2004-02-28,02:03:16.375178,30,17.7148,42.5513,1
54,2004-02-28,02:04:46.117626,30,17.7246,42.5178,1
55,2004-02-28,02:05:16.112176,30,17.7148,42.5513,1
56,2004-02-28,02:05:46.510095,30,17.7148,42.5847,1
57,2004-02-28,02:08:46.89188,30,17.6952,42.5847,1
58,2004-02-28,02:09:16.7655,30,17.6952,42.6516,1
59,2004-02-28,02:12:16.642626,30,17.6756,42.7185,1
60,2004-02-28,02:14:16.939435,30,17.6462,42.7185,1
61,2004-02-28,02:14:46.565944,30,17.6364,42.6516,1
62,2004-02-28,02:16:47.036172,30,17.6364,42.6516,1
63,2004-02-28,02:17:16.80445,30,17.6364,42.5847,1
64,2004-02-28,02:17:46.859617,30,17.656,42.6182,1
65,2004-02-28,02:18:16.773909,30,17.6462,42.5847,1
66,2004-02-28,02:18:46.99603,30,17.6364,42.5847,1
67,2004-02-28,02:19:46.257862,30,17.6266,42.5847,1
68,2004-02-28,02:20:47.048018,30,17.6168,42.5513,1
69,2004-02-28,02:21:16.892022,30,17.6168,42.5513,1
70,2004-02-28,02:21:46.596795,30,17.607,42.5513,1
71,2004-02-28,02:22:16.793006,30,47.45573798399075,109.58611883372056,-1
72,2004-02-28,02:22:47.060817,30,17.5874,42.5847,1
73,2004-02-28,02:23:17.061036,30,17.5972,42.5847,1
74,2004-02-28,02:24:47.015743,30,53.8500649092602,97.05091358283133,-1
75,2004-02-28,02:27:46.385843,30,17.5678,42.5847,1
76,2004-02-28,02:28:46.061661,30,17.5776,42.4844,1
77,2004-02-28,02:29:16.064151,30,17.5678,42.5847,1
78,2004-02-28,02:30:16.06632,30,17.5776,42.6182,1
79,2004-02-28,02:30:46.096375,30,17.558,42.5847,1
80,2004-02-28,02:31:46.972885,30,59.06560366898545,104.0575628693651,-1
81,2004-02-28,02:32:46.604652,30,17.558,42.685,1
82,2004-02-28,02:33:46.981239,30,17.5384,42.7185,1
83,2004-02-28,02:34:16.087073,30,17.5482,42.685,1
84,2004-02-28,02:34:46.846163,30,17.5384,42.6516,1
85,2004-02-28,02:35:16.52424,30,17.5384,42.685,1
86,2004-02-28,02:36:46.92086,30,17.5188,42.6182,1
87,2004-02-28,02:38:16.973073,30,17.5188,42.6182,1
88,2004-02-28,02:39:16.87472,30,17.4992,42.5847,1
89,2004-02-28,02:39:47.000036,30,17.4894,42.5847,1
90,2004-02-28,02:40:46.267448,30,17.4894,42.6182,1
91,2004-02-28,02:41:16.730902,30,17.4796,42.5847,1
92,2004-02-28,02:41:46.419872,30,17.4796,42.5847,1
93,2004-02-28,02:42:16.77306,30,17.4698,42.5847,1
94,2004-02-28,02:43:16.114072,30,17.4698,42.5178,1
95,2004-02-28,02:44:17.114384,30,17.46,42.5847,1
96,2004-02-28,02:45:16.361418,30,17.46,42.5513,1
97,2004-02-28,02:45:46.597296,30,17.46,42.5847,1
98,2004-02-28,02:46:16.570329,30,17.4502,42.5847,1
99,2004-02-28,02:48:46.356874,30,17.4404,42.5847,1
100,2004-02-28,02:49:16.745336,30,17.4502,42.6516,1
101,2004-02-28,02:49:47.135163,30,17.4404,42.6516,1
102,2004-02-28,02:52:16.328387,30,17.4208,42.7185,1
103,2004-02-28,02:52:46.552199,30,17.4208,42.685,1
104,2004-02-28,02:55:47.097883,30,17.410999999999998,42.7185,1
105,2004-02-28,02:59:16.656178,30,17.3816,42.685,1
106,2004-02-28,02:59:46.24719,30,17.3816,42.7185,1
107,2004-02-28,03:00:46.757983,30,50.94740902793956,117.41396358404866,-1
108,2004-02-28,03:01:46.797004,30,17.362000000000002,42.5847,1
109,2004-02-28,03:02:17.045314,30,58.49209680460746,101.53876522122681,-1
110,2004-02-28,03:03:16.892387,30,17.362000000000002,42.6516,1
111,2004-02-28,03:04:46.6811,30,17.3522,42.6516,1
112,2004-02-28,03:09:46.277897,30,17.3522,42.7185,1
113,2004-02-28,03:10:17.144251,30,17.3522,42.7519,1
114,2004-02-28,03:10:46.898163,30,17.3424,42.7853,1
115,2004-02-28,03:11:16.068132,30,17.3424,42.7853,1
116,2004-02-28,03:11:46.752489,30,17.3326,42.7853,1
117,2004-02-28,03:12:16.949616,30,17.3424,42.7853,1
118,2004-02-28,03:13:16.806687,30,17.3424,42.7853,1
119,2004-02-28,03:14:16.202981,30,17.3326,42.7519,1
120,2004-02-28,03:14:46.445397,30,17.3424,42.7185,1
121,2004-02-28,03:15:16.718024,30,17.3424,42.7185,1
122,2004-02-28,03:15:46.883953,30,17.3424,42.7519,1
123,2004-02-28,03:17:16.383515,30,17.3424,42.6516,1
124,2004-02-28,03:17:46.68388,30,17.3228,42.685,1
125,2004-02-28,03:18:16.485964,30,17.313,42.7185,1
126,2004-02-28,03:18:47.056037,30,17.3032,42.6516,1
127,2004-02-28,03:19:16.365016,30,17.3032,42.685,1
128,2004-02-28,03:20:16.312767,30,17.2836,42.685,1
129,2004-02-28,03:21:46.112254,30,17.264,42.7185,1
130,2004-02-28,03:24:17.034719,30,17.2444,42.7519,1
131,2004-02-28,03:25:47.064237,30,17.2346,42.7853,1
132,2004-02-28,03:28:46.553639,30,17.2542,42.7853,1
133,2004-02-28,03:29:16.309641,30,17.2346,42.7853,1
134,2004-02-28,03:30:16.643169,30,17.2542,42.7853,1
135,2004-02-28,03:30:47.165259,30,17.2444,42.7519,1
136,2004-02-28,03:31:16.388044,30,17.2346,42.7185,1
137,2004-02-28,03:32:17.133589,30,17.2248,42.8521,1
138,2004-02-28,03:32:46.408203,30,17.215,42.7853,1
139,2004-02-28,03:34:46.866929,30,17.2346,42.8521,1
140,2004-02-28,03:35:16.383616,30,59.21822207013632,100.19414851104091,-1
141,2004-02-28,03:35:47.069917,30,17.2346,42.7853,1
142,2004-02-28,03:36:47.220695,30,17.2248,42.7853,1
143,2004-02-28,03:37:46.793129,30,17.2248,42.7853,1
144,2004-02-28,03:38:16.752105,30,17.215,42.7853,1
145,2004-02-28,03:38:46.233574,30,17.2052,42.7853,1
146,2004-02-28,03:39:16.336616,30,17.2052,42.685,1
147,2004-02-28,03:39:46.872079,30,17.2052,42.7185,1
148,2004-02-28,03:40:16.916753,30,17.2052,42.7853,1
149,2004-02-28,03:41:46.443492,30,17.1954,42.7519,1
150,2004-02-28,03:42:16.915242,30,17.1856,42.7853,1
151,2004-02-28,03:42:46.99256,30,17.166,42.7853,1
152,2004-02-28,03:44:17.111433,30,17.166,42.7853,1
153,2004-02-28,03:47:17.175846,30,17.1268,42.7853,1
154,2004-02-28,03:47:46.453045,30,17.1366,42.8187,1
155,2004-02-28,03:48:46.230556,30,17.1366,42.8521,1
156,2004-02-28,03:49:16.18805,30,17.1268,42.8855,1
157,2004-02-28,03:49:46.79797,30,17.1464,42.8521,1
158,2004-02-28,03:51:16.847491,30,17.1366,42.9189,1
159,2004-02-28,03:51:46.829583,30,42.241534299855914,114.05349513225184,-1
160,2004-02-28,03:52:16.833409,30,17.1366,42.9189,1
161,2004-02-28,03:52:47.124708,30,17.1464,42.8855,1
162,2004-02-28,03:53:16.971915,30,17.1268,42.9189,1
163,2004-02-28,03:53:46.960607,30,17.1268,42.9189,1
164,2004-02-28,03:54:16.298189,30,17.117,42.9189,1
165,2004-02-28,03:56:17.017063,30,17.117,42.9189,1
166,2004-02-28,03:58:16.404676,30,17.117,42.8521,1
167,2004-02-28,03:59:17.130192,30,17.1072,42.8521,1
168,2004-02-28,04:00:16.849676,30,17.0876,42.9189,1
169,2004-02-28,04:01:16.928341,30,17.0876,42.8855,1
170,2004-02-28,04:01:46.30893,30,17.067999999999998,42.8855,1
171,2004-02-28,04:02:17.004069,30,17.067999999999998,42.9189,1
172,2004-02-28,04:03:46.808017,30,17.0582,42.8521,1
173,2004-02-28,04:04:46.817356,30,17.0484,42.8855,1
174,2004-02-28,04:06:17.124322,30,17.0484,42.7853,1
175,2004-02-28,04:06:46.255332,30,17.0288,42.8855,1
176,2004-02-28,04:07:16.279066,30,17.0386,42.8855,1
177,2004-02-28,04:08:47.161146,30,17.0092,42.9523,1
178,2004-02-28,04:09:16.441229,30,17.0092,42.9856,1
179,2004-02-28,04:09:47.140104,30,17.0092,43.019,1
180,2004-02-28,04:10:17.09754,30,52.551591621813905,83.09931687471395,-1
181,2004-02-28,04:10:47.095388,30,16.9896,42.9523,1
182,2004-02-28,04:11:46.351655,30,17.0092,42.9523,1
183,2004-02-28,04:13:17.210414,30,16.9896,42.9523,1
184,2004-02-28,04:13:46.364667,30,63.24620937970509,99.50957182033815,-1
185,2004-02-28,04:15:46.853085,30,16.97,42.9856,1
186,2004-02-28,04:16:16.429543,30,16.9602,43.019,1
187,2004-02-28,04:17:17.134697,30,16.9602,42.9523,1
188,2004-02-28,04:19:47.140311,30,16.9504,42.9189,1
189,2004-02-28,04:20:16.733599,30,16.9308,42.9189,1
190,2004-02-28,04:20:47.099168,30,16.9112,42.9523,1
191,2004-02-28,04:21:16.294305,30,16.9308,42.9523,1
192,2004-02-28,04:21:46.960041,30,16.921,42.9523,1
193,2004-02-28,04:22:17.166438,30,16.9112,42.9189,1
194,2004-02-28,04:22:47.052778,30,16.9112,42.9523,1
195,2004-02-28,04:23:16.328093,30,73.36546438868476,104.96753986404241,-1
196,2004-02-28,04:23:47.084323,30,16.9112,42.9189,1
197,2004-02-28,04:24:16.859441,30,16.9014,42.9189,1
198,2004-02-28,04:24:46.971437,30,16.9014,42.9523,1
199,2004-02-28,04:25:46.522803,30,16.8916,42.9189,1
200,2004-02-28,04:26:17.084851,30,16.8916,42.9189,1
201,2004-02-28,04:26:47.288024,30,16.8916,42.8521,1
202,2004-02-28,04:27:16.672242,30,16.8916,42.9189,1
203,2004-02-28,04:28:47.001736,30,16.872,42.9523,1
204,2004-02-28,04:29:17.300996,30,16.8622,42.9856,1
205,2004-02-28,04:31:17.068169,30,16.872,42.9189,1
206,2004-02-28,04:33:16.701952,30,16.8524,42.9856,1
207,2004-02-28,04:33:46.922686,30,65.68561799711145,80.21263671679652,-1
208,2004-02-28,04:34:17.198692,30,16.8622,42.9856,1
209,2004-02-28,04:36:16.88421,30,16.8328,43.019,1
210,2004-02-28,04:37:16.68794,30,16.823,42.9856,1
211,2004-02-28,04:38:16.976122,30,16.823,42.9856,1
212,2004-02-28,04:39:17.230823,30,16.823,42.9856,1
213,2004-02-28,04:40:16.432755,30,16.8132,42.8855,1
214,2004-02-28,04:40:47.239814,30,16.8034,42.9856,1
215,2004-02-28,04:41:17.24081,30,16.8132,42.9189,1
216,2004-02-28,04:42:16.414556,30,16.7936,42.9523,1
217,2004-02-28,04:43:16.92239,30,16.7936,42.9856,1
218,2004-02-28,04:43:47.020088,30,16.774,42.9856,1
219,2004-02-28,04:44:17.219195,30,16.774,42.9856,1
220,2004-02-28,04:45:46.736996,30,16.7642,42.9856,1
221,2004-02-28,04:47:46.663377,30,16.7642,42.9523,1
222,2004-02-28,04:48:16.456216,30,59.053954748500495,92.75778981209149,-1
223,2004-02-28,04:48:47.287061,30,16.7642,42.9856,1
224,2004-02-28,04:49:46.43784,30,16.7642,42.9856,1
225,2004-02-28,04:50:17.041062,30,16.7544,42.9856,1
226,2004-02-28,04:51:16.583532,30,16.7348,43.0858,1
227,2004-02-28,04:51:47.196841,30,69.24098226967942,101.67734803703884,-1
228,2004-02-28,04:52:16.944661,30,16.7348,43.0524,1
229,2004-02-28,04:53:17.173481,30,16.7348,43.0524,1
230,2004-02-28,04:53:46.45414,30,16.725,43.0524,1
231,2004-02-28,04:54:17.044962,30,16.7348,43.0524,1
232,2004-02-28,04:55:46.609006,30,16.7152,42.9856,1
233,2004-02-28,04:56:47.267981,30,16.7152,43.0524,1
234,2004-02-28,04:57:47.121194,30,16.7054,43.0524,1
235,2004-02-28,04:58:16.510432,30,16.7152,43.0524,1
236,2004-02-28,04:58:46.754599,30,16.7054,43.0524,1
237,2004-02-28,05:03:16.583072,30,16.6858,42.9856,1
238,2004-02-28,05:03:46.987939,30,16.676,42.9856,1
239,2004-02-28,05:04:47.021643,30,16.676,43.019,1
240,2004-02-28,05:05:47.081144,30,16.6564,43.019,1
241,2004-02-28,05:06:16.327667,30,16.6662,42.9856,1
242,2004-02-28,05:07:47.115134,30,16.6662,42.9856,1
243,2004-02-28,05:08:16.973534,30,16.676,43.0524,1
244,2004-02-28,05:08:47.029268,30,16.6662,43.0524,1
245,2004-02-28,05:10:47.073965,30,16.6466,43.1191,1
246,2004-02-28,05:11:17.26818,30,16.6466,43.0858,1
247,2004-02-28,05:11:46.475153,30,61.34344008029396,98.99517469679199,-1
248,2004-02-28,05:12:17.08313,30,16.6466,43.0858,1
249,2004-02-28,05:12:46.895747,30,16.6564,43.0524,1
250,2004-02-28,05:14:17.13774,30,16.6564,43.0524,1
251,2004-02-28,05:15:16.393238,30,16.6466,43.0524,1
252,2004-02-28,05:16:46.768562,30,16.6368,43.019,1
253,2004-02-28,05:17:16.973711,30,16.6368,43.019,1
254,2004-02-28,05:17:47.180983,30,16.6466,43.0524,1
255,2004-02-28,05:19:16.374018,30,16.6172,43.0524,1
256,2004-02-28,05:20:46.379152,30,16.6172,43.019,1
257,2004-02-28,05:22:16.839881,30,49.35029551967919,114.652352639936,-1
258,2004-02-28,05:25:16.547758,30,16.5878,42.9856,1
259,2004-02-28,05:25:46.698052,30,16.578,42.9856,1
260,2004-02-28,05:26:46.863213,30,16.578,42.9856,1
261,2004-02-28,05:27:16.672473,30,16.5682,43.019,1
262,2004-02-28,05:27:46.516971,30,16.578,43.0524,1
263,2004-02-28,05:28:17.121971,30,16.578,43.0524,1
264,2004-02-28,05:29:17.269752,30,16.578,43.0858,1
265,2004-02-28,05:29:47.162828,30,16.5878,43.0524,1
266,2004-02-28,05:30:17.048316,30,16.578,43.0524,1
267,2004-02-28,05:31:16.756398,30,16.578,43.0524,1
268,2004-02-28,05:32:16.401687,30,16.578,43.0524,1
269,2004-02-28,05:33:16.868106,30,16.5584,43.1191,1
270,2004-02-28,05:34:16.759714,30,16.578,43.0858,1
271,2004-02-28,05:35:16.456971,30,16.578,43.1191,1
272,2004-02-28,05:35:47.118202,30,16.578,43.0858,1
273,2004-02-28,05:37:17.184353,30,16.5584,43.0524,1
274,2004-02-28,05:38:16.530864,30,50.06765558506333,108.55393805844969,-1
275,2004-02-28,05:39:17.542652,30,16.5388,43.1191,1
276,2004-02-28,05:39:46.432199,30,16.5388,43.0524,1
277,2004-02-28,05:40:47.484085,30,16.5388,43.0524,1
278,2004-02-28,05:41:16.547388,30,16.529,43.0524,1
279,2004-02-28,05:43:16.977295,30,16.5192,43.0524,1
280,2004-02-28,05:43:46.998584,30,16.5192,43.019,1
281,2004-02-28,05:44:17.236702,30,57.37477676454938,93.30582957135672,-1
282,2004-02-28,05:44:47.050362,30,16.5094,43.0524,1
283,2004-02-28,05:46:16.918088,30,16.4898,43.0524,1
284,2004-02-28,05:46:47.239391,30,16.4898,43.0858,1
285,2004-02-28,05:47:16.630077,30,71.67898367299225,101.35991704579689,-1
286,2004-02-28,05:48:16.524351,30,16.4898,43.1191,1
287,2004-02-28,05:48:47.610425,30,16.4996,43.1191,1
288,2004-02-28,05:49:16.760213,30,16.4898,43.1191,1
289,2004-02-28,05:49:47.352781,30,16.48,43.1525,1
290,2004-02-28,05:50:46.850099,30,16.4996,43.1525,1
291,2004-02-28,05:52:16.998231,30,16.4996,43.1191,1
292,2004-02-28,05:53:17.039917,30,70.68384839760063,92.91915720023496,-1
293,2004-02-28,05:55:47.428061,30,16.4898,43.1858,1
294,2004-02-28,05:56:47.261561,30,16.48,43.1191,1
295,2004-02-28,05:57:16.521935,30,16.48,43.1191,1
296,2004-02-28,05:58:47.197699,30,16.48,43.1191,1
297,2004-02-28,06:00:46.550955,30,16.4506,43.1525,1
298,2004-02-28,06:01:17.362459,30,16.4506,43.1191,1
299,2004-02-28,06:02:46.544297,30,16.4408,43.1525,1
300,2004-02-28,06:03:16.663592,30,16.430999999999994,43.1525,1
301,2004-02-28,06:04:17.1811,30,16.4408,43.1191,1
302,2004-02-28,06:04:47.36381,30,50.82464447730163,101.72417577413302,-1
303,2004-02-28,06:05:47.317468,30,16.4506,43.0858,1
304,2004-02-28,06:06:17.649736,30,16.4408,43.1191,1
305,2004-02-28,06:06:46.843103,30,16.4408,43.0858,1
306,2004-02-28,06:07:17.167467,30,16.4604,43.0858,1
307,2004-02-28,06:07:47.325063,30,16.430999999999994,43.1191,1
308,2004-02-28,06:08:47.092958,30,16.430999999999994,43.1525,1
309,2004-02-28,06:09:46.857905,30,16.4408,43.1858,1
310,2004-02-28,06:12:46.656209,30,16.4506,43.1525,1
311,2004-02-28,06:13:16.950029,30,16.4408,43.1191,1
312,2004-02-28,06:14:46.739756,30,16.430999999999994,43.1191,1
313,2004-02-28,06:15:17.348928,30,16.4408,43.1191,1
314,2004-02-28,06:16:17.783582,30,16.4212,43.1858,1
315,2004-02-28,06:16:47.435101,30,16.4212,43.1858,1
316,2004-02-28,06:17:17.366721,30,16.4408,43.1858,1
317,2004-02-28,06:18:16.683238,30,16.4212,43.1525,1
318,2004-02-28,06:18:47.375757,30,16.4212,43.1858,1
319,2004-02-28,06:20:17.679127,30,16.4016,43.1525,1
320,2004-02-28,06:20:47.049254,30,16.4016,43.1858,1
321,2004-02-28,06:22:17.318773,30,56.78518939620338,95.12781109359197,-1
322,2004-02-28,06:23:16.738887,30,16.3624,43.2525,1
323,2004-02-28,06:23:47.137764,30,16.3428,43.1858,1
324,2004-02-28,06:24:46.890611,30,16.333,43.2525,1
325,2004-02-28,06:26:16.537524,30,16.3428,43.1858,1
326,2004-02-28,06:27:16.940822,30,16.3428,43.2525,1
327,2004-02-28,06:27:46.944849,30,16.333,43.2525,1
328,2004-02-28,06:28:16.691632,30,16.3232,43.2858,1
329,2004-02-28,06:29:16.932144,30,16.3428,43.3191,1
330,2004-02-28,06:29:47.14611,30,16.3232,43.3191,1
331,2004-02-28,06:31:17.331665,30,16.333,43.3191,1
332,2004-02-28,06:31:47.230168,30,16.333,43.3191,1
333,2004-02-28,06:32:17.530892,30,16.3232,43.3191,1
334,2004-02-28,06:33:46.675637,30,16.3232,43.3191,1
335,2004-02-28,06:34:16.867112,30,16.333,43.3191,1
336,2004-02-28,06:35:46.502193,30,16.3428,43.3191,1
337,2004-02-28,06:36:47.391999,30,16.3232,43.2525,1
338,2004-02-28,06:39:17.089375,30,16.3428,43.2525,1
339,2004-02-28,06:41:47.463262,30,16.3428,43.2525,1
340,2004-02-28,06:42:16.668768,30,61.44043101434516,104.44503129180919,-1
341,2004-02-28,06:43:47.204625,30,16.333,43.2191,1
342,2004-02-28,06:44:47.218248,30,16.3232,43.2525,1
343,2004-02-28,06:45:16.870279,30,16.3232,43.2191,1
344,2004-02-28,06:45:47.223245,30,16.3232,43.2191,1
345,2004-02-28,06:47:46.651936,30,16.333,43.2191,1
346,2004-02-28,06:49:17.088584,30,16.3232,43.2525,1
347,2004-02-28,06:49:47.424261,30,16.3232,43.2858,1
348,2004-02-28,06:51:47.445194,30,16.3232,43.2858,1
349,2004-02-28,06:52:16.665884,30,16.3232,43.2525,1
350,2004-02-28,06:53:16.94507,30,16.3036,43.2525,1
351,2004-02-28,06:54:47.153709,30,56.90083895146449,119.63345698092962,-1
352,2004-02-28,06:55:17.231321,30,16.3232,43.2191,1
353,2004-02-28,06:57:17.141828,30,16.3036,43.2525,1
354,2004-02-28,06:57:47.419931,30,16.3134,43.2191,1
355,2004-02-28,06:58:47.032791,30,16.3232,43.2525,1
356,2004-02-28,07:01:17.174211,30,16.3232,43.1191,1
357,2004-02-28,07:02:17.195049,30,16.3232,43.1858,1
358,2004-02-28,07:03:47.118275,30,16.3232,43.1191,1
359,2004-02-28,07:04:16.667466,30,16.3134,43.1858,1
360,2004-02-28,07:05:17.691428,30,16.333,43.1525,1
361,2004-02-28,07:07:16.599615,30,47.71783941245569,105.52131414225323,-1
362,2004-02-28,07:07:47.476167,30,16.3232,43.1858,1
363,2004-02-28,07:08:16.783107,30,16.3232,43.1858,1
364,2004-02-28,07:08:46.980317,30,16.3232,43.1858,1
365,2004-02-28,07:10:47.248522,30,80.18353152004744,99.11232039004102,-1
366,2004-02-28,07:11:16.687704,30,16.3624,43.0858,1
367,2004-02-28,07:11:46.641237,30,16.382,43.0858,1
368,2004-02-28,07:13:46.733488,30,16.382,43.0524,1
369,2004-02-28,07:14:17.154095,30,16.3918,43.019,1
370,2004-02-28,07:15:16.855341,30,16.4212,42.9856,1
371,2004-02-28,07:15:46.836303,30,16.430999999999994,42.9523,1
372,2004-02-28,07:16:47.134618,30,16.48,42.8521,1
373,2004-02-28,07:17:16.731319,30,16.4996,42.7853,1
374,2004-02-28,07:19:47.253,30,16.5486,42.6516,1
375,2004-02-28,07:20:17.472294,30,16.5584,42.6516,1
376,2004-02-28,07:20:47.412097,30,16.578,42.5847,1
377,2004-02-28,07:21:47.506692,30,16.6172,42.5178,1
378,2004-02-28,07:22:46.952514,30,16.6662,42.38399999999999,1
379,2004-02-28,07:26:17.212816,30,16.823,42.0824,1
380,2004-02-28,07:26:46.811505,30,16.8328,41.9147,1
381,2004-02-28,07:27:17.537263,30,64.75522203433209,116.88861637832113,-1
382,2004-02-28,07:28:17.477075,30,16.8916,41.8476,1
383,2004-02-28,07:28:47.597725,30,16.9112,41.8476,1
384,2004-02-28,07:29:16.983299,30,57.41862973293986,86.24923680321801,-1
385,2004-02-28,07:29:47.155109,30,16.9504,41.5789,1
386,2004-02-28,07:30:17.252925,30,16.97,41.6125,1
387,2004-02-28,07:31:17.433368,30,17.019000000000002,41.3771,1
388,2004-02-28,07:31:47.18279,30,17.0484,41.2761,1
389,2004-02-28,07:32:17.305546,30,64.0027727754167,106.17808082926246,-1
390,2004-02-28,07:32:47.164886,30,17.1072,41.1751,1
391,2004-02-28,07:34:17.109221,30,17.2346,40.973,1
392,2004-02-28,07:34:46.792949,30,17.264,40.9055,1
393,2004-02-28,07:35:17.412441,30,17.3228,40.7706,1
394,2004-02-28,07:37:47.366693,30,17.4698,40.5004,1
395,2004-02-28,07:43:16.564753,30,17.7834,40.2299,1
396,2004-02-28,07:43:46.593797,30,17.8128,40.1284,1
397,2004-02-28,07:45:17.363851,30,17.9206,39.8913,1
398,2004-02-28,07:50:47.238068,30,18.3518,39.1443,1
399,2004-02-28,07:51:47.131458,30,18.4302,38.9742,1
400,2004-02-28,07:53:16.914446,30,18.5576,38.6334,1
401,2004-02-28,07:55:47.604985,30,18.7732,38.2239,1
402,2004-02-28,15:34:17.496764,30,24.2024,31.9832,1
403,2004-02-28,15:34:48.104744,30,24.1828,32.0887,1
404,2004-02-28,15:35:48.279027,30,47.20606038397612,103.73848495627959,-1
405,2004-02-28,15:36:18.080539,30,24.0946,32.2293,1
406,2004-02-28,15:36:48.169954,30,24.0652,32.2995,1
407,2004-02-28,15:37:17.60733,30,24.0456,32.3698,1
408,2004-02-28,15:37:48.006955,30,24.026,32.3346,1
409,2004-02-28,15:38:18.089894,30,24.0064,32.3698,1
410,2004-02-28,15:39:18.101918,30,23.9672,32.44,1
411,2004-02-28,15:41:48.266595,30,23.8692,32.5803,1
412,2004-02-28,15:42:17.927954,30,62.97795327919644,98.2582624813571,-1
413,2004-02-28,15:44:18.232154,30,23.7908,32.6855,1
414,2004-02-28,15:45:17.557655,30,23.7516,32.7557,1
415,2004-02-28,15:46:48.113616,30,23.7026,32.7206,1
416,2004-02-28,15:48:17.922611,30,23.5752,32.9308,1
417,2004-02-28,15:49:47.757131,30,65.1820118257701,98.59674518038304,-1
418,2004-02-28,15:50:48.275681,30,23.5458,33.1059,1
419,2004-02-28,15:52:47.650298,30,67.00838465490462,85.21082402871193,-1
420,2004-02-28,15:53:47.937084,30,23.4968,33.1409,1
421,2004-02-28,15:55:18.238753,30,23.4772,33.0359,1
422,2004-02-28,15:55:48.012063,30,23.4576,32.9308,1
423,2004-02-28,15:56:47.804933,30,23.438,32.9308,1
424,2004-02-28,15:57:18.195424,30,23.438,33.2108,1
425,2004-02-28,15:57:48.22566,30,23.438,33.2458,1
426,2004-02-28,15:58:48.316682,30,23.3988,33.2108,1
427,2004-02-28,15:59:18.136055,30,23.3988,33.3507,1
428,2004-02-28,16:02:17.557494,30,23.3106,33.2808,1
429,2004-02-28,16:03:20.194705,30,23.2812,33.4206,1
430,2004-02-28,16:04:18.469933,30,23.242,33.5953,1
431,2004-02-28,16:05:17.677822,30,23.242,33.979,1
432,2004-02-28,16:06:47.620088,30,23.2028,33.7698,1
433,2004-02-28,16:08:18.213111,30,23.1832,33.9093,1
434,2004-02-28,16:08:48.077221,30,23.1734,33.9442,1
435,2004-02-28,16:10:17.708303,30,23.1048,33.7349,1
436,2004-02-28,16:10:48.49557,30,23.1048,33.979,1
437,2004-02-28,16:11:18.351061,30,23.095,34.0487,1
438,2004-02-28,16:13:18.153316,30,23.0264,34.0487,1
439,2004-02-28,16:13:47.662378,30,23.0264,33.979,1
440,2004-02-28,16:14:17.616151,30,23.0166,34.0139,1
441,2004-02-28,16:15:48.470333,30,23.0068,34.1184,1
442,2004-02-28,16:16:18.464273,30,23.0068,34.1184,1
443,2004-02-28,16:16:48.191062,30,22.9774,34.188,1
444,2004-02-28,16:18:18.406279,30,22.9676,34.188,1
445,2004-02-28,16:18:47.918724,30,65.27904089755279,96.36447890188765,-1
446,2004-02-28,16:19:18.165607,30,22.9382,34.1532,1
447,2004-02-28,16:19:48.454253,30,22.9284,34.188,1
448,2004-02-28,16:20:17.724309,30,22.9186,34.2925,1
449,2004-02-28,16:21:18.480839,30,22.8892,34.1184,1
450,2004-02-28,16:23:18.275055,30,22.8402,34.3969,1
451,2004-02-28,16:23:47.653642,30,59.95472024380504,84.07921787792066,-1
452,2004-02-28,16:25:47.656588,30,22.752,34.536,1
453,2004-02-28,16:26:18.410481,30,22.752,34.675,1
454,2004-02-28,16:27:18.132218,30,22.752,34.536,1
455,2004-02-28,16:28:48.476963,30,22.7128,34.536,1
456,2004-02-28,16:29:18.213056,30,22.7128,34.7445,1
457,2004-02-28,16:29:48.235943,30,57.78712638077134,83.26996500964218,-1
458,2004-02-28,16:30:48.037289,30,69.29364783800631,91.78051038721983,-1
459,2004-02-28,16:31:51.606447,30,22.654,34.7445,1
460,2004-02-28,16:32:47.458437,30,22.6344,34.9528,1
461,2004-02-28,16:33:17.459707,30,70.07858915152207,87.37645701427294,-1
462,2004-02-28,16:33:47.642065,30,22.6148,34.8139,1
463,2004-02-28,16:34:18.459849,30,47.117795167855675,89.59762809927119,-1
464,2004-02-28,16:34:48.406237,30,22.5756,34.8834,1
465,2004-02-28,16:35:18.178445,30,22.556,35.0222,1
466,2004-02-28,16:38:18.278292,30,22.507,34.9875,1
467,2004-02-28,16:39:18.18224,30,22.458,35.0222,1
468,2004-02-28,16:39:47.851965,30,22.458,35.1955,1
469,2004-02-28,16:40:17.990748,30,22.458,35.2302,1
470,2004-02-28,16:41:19.954458,30,22.458,35.2995,1
471,2004-02-28,16:41:48.223421,30,22.4482,35.2302,1
472,2004-02-28,16:42:17.56828,30,22.4286,35.1955,1
473,2004-02-28,16:42:50.878635,30,22.4286,35.2302,1
474,2004-02-28,16:44:18.359104,30,22.3796,35.438,1
475,2004-02-28,16:44:48.609771,30,22.3796,35.438,1
476,2004-02-28,16:45:18.210441,30,22.3796,35.3687,1
477,2004-02-28,16:45:47.980216,30,22.3796,35.438,1
478,2004-02-28,16:46:18.598554,30,22.36,35.2995,1
479,2004-02-28,16:46:48.293829,30,22.3698,35.2648,1
480,2004-02-28,16:48:18.258241,30,22.36,35.3341,1
481,2004-02-28,16:49:18.496344,30,22.311,35.5072,1
482,2004-02-28,16:49:48.097021,30,22.3012,35.438,1
483,2004-02-28,16:50:18.454426,30,22.2914,35.5072,1
484,2004-02-28,16:50:47.704737,30,22.2914,35.5764,1
485,2004-02-28,16:51:17.903109,30,22.3012,35.7148,1
486,2004-02-28,16:51:47.905097,30,22.2914,35.5764,1
487,2004-02-28,16:54:47.94377,30,22.2424,35.7148,1
488,2004-02-28,16:55:48.44788,30,63.58824907714535,107.2284648655675,-1
489,2004-02-28,16:56:18.204047,30,22.2326,35.9221,1
490,2004-02-28,16:56:48.475169,30,22.213,35.9221,1
491,2004-02-28,16:57:17.955198,30,53.763214514716324,97.01040587447321,-1
492,2004-02-28,16:57:48.24181,30,22.1836,36.4396,1
493,2004-02-28,16:58:18.490509,30,22.2032,36.4052,1
494,2004-02-28,16:58:47.781578,30,22.213,36.3707,1
495,2004-02-28,16:59:18.005941,30,22.2228,35.9912,1
496,2004-02-28,17:00:48.402231,30,22.2228,36.543,1
497,2004-02-28,17:01:48.689854,30,22.2424,36.3707,1
498,2004-02-28,17:02:17.720788,30,22.2424,36.3362,1
499,2004-02-28,17:02:48.144072,30,22.2228,36.0257,1
500,2004-02-28,17:03:18.445272,30,60.505148313453894,98.05903175023354,-1
501,2004-02-28,17:04:18.250659,30,22.2032,35.9567,1
502,2004-02-28,17:06:18.317927,30,22.1542,36.4052,1
503,2004-02-28,17:07:17.569468,30,22.1444,36.5774,1
504,2004-02-28,17:08:48.263274,30,22.0856,36.4396,1
505,2004-02-28,17:10:48.483616,30,22.0562,36.3362,1
506,2004-02-28,17:11:48.164495,30,21.9876,36.4052,1
507,2004-02-28,17:12:18.425557,30,21.968000000000004,36.2673,1
508,2004-02-28,17:12:50.586808,30,21.9484,36.3362,1
509,2004-02-28,17:13:18.186151,30,21.9288,36.4741,1
510,2004-02-28,17:14:17.936878,30,21.9092,36.543,1
511,2004-02-28,17:15:18.405504,30,21.8896,36.6807,1
512,2004-02-28,17:15:48.007374,30,21.8798,36.6807,1
513,2004-02-28,17:16:48.484531,30,21.8406,36.5774,1
514,2004-02-28,17:18:18.580896,30,21.8112,36.8183,1
515,2004-02-28,17:20:47.633678,30,21.8014,36.9559,1
516,2004-02-28,17:21:17.836579,30,21.7916,37.059,1
517,2004-02-28,17:21:47.949641,30,21.772,36.8871,1
518,2004-02-28,17:22:48.07817,30,21.7328,37.0246,1
519,2004-02-28,17:23:17.745632,30,21.7132,37.0246,1
520,2004-02-28,17:23:47.964073,30,21.6936,37.1277,1
521,2004-02-28,17:24:18.328643,30,21.6544,37.1963,1
522,2004-02-28,17:25:47.844376,30,21.6152,37.3679,1
523,2004-02-28,17:28:50.832153,30,21.5368,37.4708,1
524,2004-02-28,17:29:48.571711,30,63.99027754327933,96.98803561132635,-1
525,2004-02-28,17:31:18.397699,30,21.5466,37.5051,1
526,2004-02-28,17:31:48.027583,30,21.5172,37.5051,1
527,2004-02-28,17:32:47.724751,30,21.527,37.5737,1
528,2004-02-28,17:33:18.021936,30,21.527,37.5737,1
529,2004-02-28,17:33:50.37028,30,21.5172,37.5737,1
530,2004-02-28,17:34:18.471602,30,21.5074,37.6079,1
531,2004-02-28,17:36:48.595272,30,21.4486,37.7107,1
532,2004-02-28,17:37:48.06136,30,21.4192,37.8134,1
533,2004-02-28,17:38:17.76921,30,21.4192,37.6422,1
534,2004-02-28,17:39:48.616098,30,21.3898,37.745,1
535,2004-02-28,17:40:17.988792,30,21.3996,37.7792,1
536,2004-02-28,17:41:17.815674,30,21.3996,37.745,1
537,2004-02-28,17:41:48.504219,30,21.38,37.7107,1
538,2004-02-28,17:42:48.555902,30,21.3604,37.7792,1
539,2004-02-28,17:43:47.767002,30,21.3212,37.8477,1
540,2004-02-28,17:45:17.839114,30,21.282,37.9161,1
541,2004-02-28,17:46:48.123947,30,21.2526,37.9503,1
542,2004-02-28,17:47:18.43269,30,21.2428,37.9845,1
543,2004-02-28,17:48:18.558858,30,21.2036,37.9161,1
544,2004-02-28,17:48:48.053534,30,21.1938,38.1213,1
545,2004-02-28,17:49:47.679311,30,21.184,38.0187,1
546,2004-02-28,17:51:20.738033,30,21.1448,38.1555,1
547,2004-02-28,17:51:48.2821,30,21.1644,38.5993,1
548,2004-02-28,17:52:18.449178,30,21.1546,38.0871,1
549,2004-02-28,17:52:48.054969,30,57.77232993586736,94.23752267457604,-1
550,2004-02-28,17:53:18.41741,30,21.1448,38.258,1
551,2004-02-28,17:53:51.924092,30,21.1448,38.7016,1
552,2004-02-28,17:54:17.885058,30,21.1448,38.1555,1
553,2004-02-28,17:54:48.276514,30,21.1252,38.9061,1
554,2004-02-28,17:55:17.822909,30,21.1252,38.1897,1
555,2004-02-28,17:55:49.765397,30,21.1154,38.2922,1
556,2004-02-28,17:56:18.73097,30,21.1056,38.1213,1
557,2004-02-28,17:57:18.207564,30,21.0664,38.1897,1
558,2004-02-28,17:58:17.598289,30,21.0566,38.3946,1
559,2004-02-28,17:59:47.83369,30,65.30717678734916,112.76799228738551,-1
560,2004-02-28,18:00:48.068797,30,21.0076,38.8039,1
561,2004-02-28,18:01:51.070343,30,64.6815390732001,105.37213521888341,-1
562,2004-02-28,18:04:17.80376,30,20.9488,38.4287,1
563,2004-02-28,18:05:18.139982,30,72.51024739951191,94.17080640941091,-1
564,2004-02-28,18:06:17.872265,30,20.9096,38.5311,1
565,2004-02-28,18:07:48.344482,30,20.8704,38.7016,1
566,2004-02-28,18:08:18.244214,30,20.8606,38.7357,1
567,2004-02-28,18:11:18.121539,30,20.8312,38.872,1
568,2004-02-28,18:12:17.767166,30,20.8116,38.7357,1
569,2004-02-28,18:12:48.453733,30,20.792,38.7357,1
570,2004-02-28,18:13:48.482145,30,20.7626,38.8039,1
571,2004-02-28,18:14:21.134773,30,20.7626,38.8379,1
572,2004-02-28,18:14:48.241422,30,20.7626,38.872,1
573,2004-02-28,18:15:48.656217,30,20.7332,38.9061,1
574,2004-02-28,18:16:48.504541,30,20.7136,38.9401,1
575,2004-02-28,18:17:48.342682,30,20.6842,39.0082,1
576,2004-02-28,18:18:48.507529,30,20.6646,38.9401,1
577,2004-02-28,18:19:17.736993,30,20.6548,38.9401,1
578,2004-02-28,18:19:47.772858,30,20.645,39.0422,1
579,2004-02-28,18:21:48.428489,30,20.6254,39.0763,1
580,2004-02-28,18:22:21.053825,30,20.6156,39.0763,1
581,2004-02-28,18:25:47.928375,30,20.5764,39.2463,1
582,2004-02-28,18:28:47.792016,30,20.5274,39.3483,1
583,2004-02-28,18:32:49.411231,30,20.4588,39.8574,1
584,2004-02-28,18:33:48.001951,30,20.4686,39.5521,1
585,2004-02-28,18:37:48.233831,30,20.4,39.6878,1
586,2004-02-28,18:41:48.00206,30,20.3412,39.8913,1
587,2004-02-28,18:42:48.419103,30,20.3216,39.8574,1
588,2004-02-28,18:43:18.422028,30,20.3118,39.8913,1
589,2004-02-28,18:43:48.642498,30,20.302,39.8913,1
590,2004-02-28,18:44:47.805175,30,20.2824,39.9591,1
591,2004-02-28,18:47:18.611919,30,20.2628,39.9929,1
592,2004-02-28,18:47:47.854951,30,20.253,40.0268,1
593,2004-02-28,18:49:18.54204,30,20.2138,39.8235,1
594,2004-02-28,18:49:48.063649,30,20.204,40.2299,1
595,2004-02-28,18:53:17.839852,30,20.204,39.9929,1
596,2004-02-28,18:54:47.855852,30,20.1452,40.1961,1
597,2004-02-28,18:55:18.517294,30,20.1256,40.1961,1
598,2004-02-28,18:56:18.555703,30,20.1256,40.2976,1
599,2004-02-28,18:57:18.746161,30,20.1452,40.3652,1
600,2004-02-28,19:00:50.473151,30,20.1942,40.2299,1
601,2004-02-28,19:02:18.560226,30,20.1648,40.2299,1
602,2004-02-28,19:07:18.174006,30,20.106,40.1961,1
603,2004-02-28,19:11:19.31,30,20.0668,40.4328,1
604,2004-02-28,19:11:51.997766,30,20.0472,40.4666,1
605,2004-02-28,19:12:18.278554,30,20.008,40.4666,1
606,2004-02-28,19:12:52.065517,30,19.9982,40.7031,1
607,2004-02-28,19:13:18.257628,30,19.9982,40.7031,1
608,2004-02-28,19:13:48.747919,30,19.9884,40.6693,1
609,2004-02-28,19:15:19.698395,30,19.9982,40.5342,1
610,2004-02-28,19:16:18.4619,30,20.008,40.6018,1
611,2004-02-28,19:18:47.980668,30,64.97344115475397,110.83562157624016,-1
612,2004-02-28,19:20:18.439619,30,19.9884,40.6355,1
613,2004-02-28,19:22:18.287972,30,19.959,40.6355,1
614,2004-02-28,19:23:50.445965,30,19.9884,40.7706,1
615,2004-02-28,19:24:17.999499,30,19.9884,40.6693,1
616,2004-02-28,19:25:18.350472,30,19.9982,40.7031,1
617,2004-02-28,19:25:51.669985,30,20.008,40.6355,1
618,2004-02-28,19:26:48.647872,30,19.9982,40.6355,1
619,2004-02-28,19:28:18.009595,30,19.9982,40.6355,1
620,2004-02-28,19:28:48.100861,30,19.9884,40.7706,1
621,2004-02-28,19:29:49.258153,30,19.9688,40.7031,1
622,2004-02-28,19:30:18.685235,30,19.9688,40.7031,1
623,2004-02-28,19:31:17.77259,30,19.9688,40.56800000000001,1
624,2004-02-28,19:33:18.361139,30,19.9884,40.56800000000001,1
625,2004-02-28,19:33:50.586423,30,19.9786,40.6018,1
626,2004-02-28,19:34:49.8602,30,19.9394,40.3652,1
627,2004-02-28,19:35:21.108466,30,19.8904,40.5004,1
628,2004-02-28,19:36:17.792447,30,19.8708,40.8043,1
629,2004-02-28,19:36:51.322994,30,19.8708,40.8043,1
630,2004-02-28,19:37:17.853446,30,19.8904,40.7031,1
631,2004-02-28,19:37:48.412063,30,19.8904,40.7706,1
632,2004-02-28,19:38:47.933599,30,19.8806,40.8381,1
633,2004-02-28,19:40:53.335363,30,19.8708,40.7706,1
634,2004-02-28,19:41:18.009875,30,19.8708,40.8381,1
635,2004-02-28,19:41:47.97634,30,71.73300539022524,101.26651132139301,-1
636,2004-02-28,19:42:18.578188,30,19.8708,40.7368,1
637,2004-02-28,19:42:48.036101,30,19.8708,40.7031,1
638,2004-02-28,19:43:18.351893,30,19.8708,40.6355,1
639,2004-02-28,19:45:18.129902,30,19.8708,40.7706,1
640,2004-02-28,19:45:47.813467,30,19.8708,40.8381,1
641,2004-02-28,19:46:18.681749,30,19.861,40.7031,1
642,2004-02-28,19:47:48.540664,30,19.8316,40.7031,1
643,2004-02-28,19:48:48.811525,30,56.33953343862314,99.96517839604122,-1
644,2004-02-28,19:49:18.217856,30,19.8316,40.8381,1
645,2004-02-28,19:50:21.778668,30,19.861,40.9055,1
646,2004-02-28,19:51:18.159825,30,19.8512,40.7706,1
647,2004-02-28,19:52:18.182596,30,19.8708,40.7706,1
648,2004-02-28,19:52:51.555596,30,19.8806,40.8381,1
649,2004-02-28,19:54:18.840041,30,19.8708,40.8043,1
650,2004-02-28,19:54:48.569485,30,19.861,40.7706,1
651,2004-02-28,19:56:18.639034,30,19.812,40.9055,1
652,2004-02-28,19:56:48.602161,30,19.812,41.1078,1
653,2004-02-28,19:57:18.684546,30,59.47638944117599,104.4612783390007,-1
654,2004-02-28,19:57:48.768939,30,19.8512,41.0067,1
655,2004-02-28,20:00:18.519518,30,19.8904,40.8381,1
656,2004-02-28,20:01:17.908218,30,19.91,40.8043,1
657,2004-02-28,20:03:48.300048,30,59.80057968020636,106.79458604791753,-1
658,2004-02-28,20:04:17.953599,30,19.8904,40.9055,1
659,2004-02-28,20:11:47.899559,30,19.8414,41.2761,1
660,2004-02-28,20:13:52.116046,30,19.8708,41.0404,1
661,2004-02-28,20:14:20.525256,30,19.861,40.9055,1
662,2004-02-28,20:15:18.700545,30,19.8316,41.5116,1
663,2004-02-28,20:16:18.4159,30,19.812,40.973,1
664,2004-02-28,20:17:18.739162,30,55.62243396356649,104.03515190221731,-1
665,2004-02-28,20:18:47.956657,30,19.7924,41.0404,1
666,2004-02-28,20:19:17.991768,30,19.7826,41.0404,1
667,2004-02-28,20:21:48.032999,30,19.6944,41.1751,1
668,2004-02-28,20:26:18.784733,30,19.7336,40.7368,1
669,2004-02-28,20:27:18.916039,30,19.714,41.2088,1
670,2004-02-28,20:28:51.623527,30,19.6846,41.0404,1
671,2004-02-28,20:30:18.080069,30,19.665,41.1414,1
672,2004-02-28,20:30:48.279879,30,19.6454,41.3771,1
673,2004-02-28,20:31:18.284171,30,19.6258,41.3435,1
674,2004-02-28,20:31:48.086758,30,19.6356,41.3098,1
675,2004-02-28,20:34:47.947556,30,19.6356,41.4108,1
676,2004-02-28,20:35:17.996373,30,19.616,41.4444,1
677,2004-02-28,20:36:18.756801,30,19.5768,41.3098,1
678,2004-02-28,20:37:18.571793,30,19.5866,41.1751,1
679,2004-02-28,20:38:18.038493,30,19.5768,41.5116,1
680,2004-02-28,20:38:48.512454,30,19.5866,41.4444,1
681,2004-02-28,20:40:48.038452,30,19.616,41.3771,1
682,2004-02-28,20:42:20.966828,30,19.5964,41.3435,1
683,2004-02-28,20:43:17.868796,30,19.5964,41.3098,1
684,2004-02-28,20:44:18.706589,30,19.5964,41.0741,1
685,2004-02-28,20:45:20.105217,30,19.5768,41.3435,1
686,2004-02-28,20:46:19.410477,30,19.5572,41.4444,1
687,2004-02-28,20:46:50.080793,30,19.5572,41.3771,1
688,2004-02-28,20:47:18.624097,30,19.5474,41.5116,1
689,2004-02-28,20:47:48.439109,30,19.5474,41.3771,1
690,2004-02-28,20:48:19.47908,30,19.5572,41.3771,1
691,2004-02-28,20:49:22.154772,30,19.5572,41.4444,1
692,2004-02-28,20:50:48.409508,30,19.5572,41.2425,1
693,2004-02-28,20:51:18.047218,30,19.5474,41.3098,1
694,2004-02-28,20:54:18.742314,30,54.51688470595954,93.16839753352059,-1
695,2004-02-28,20:55:18.085992,30,19.5082,41.6125,1
696,2004-02-28,20:56:22.595593,30,19.5278,41.478,1
697,2004-02-28,20:57:17.908648,30,72.81525837574893,94.81066049838846,-1
698,2004-02-28,20:57:48.29093,30,73.87564266987107,100.07140131566996,-1
699,2004-02-28,20:58:48.142248,30,19.518,41.5116,1
700,2004-02-28,20:59:48.486219,30,19.4984,41.5116,1
701,2004-02-28,21:00:18.856168,30,19.4886,41.5116,1
702,2004-02-28,21:00:48.411797,30,19.4886,41.5116,1
703,2004-02-28,21:01:53.58587,30,19.4886,41.4444,1
704,2004-02-28,21:02:18.238929,30,19.4886,41.3771,1
705,2004-02-28,21:03:18.849525,30,19.469,41.4108,1
706,2004-02-28,21:03:47.958931,30,19.4396,41.4108,1
707,2004-02-28,21:05:20.444001,30,19.42,41.7133,1
708,2004-02-28,21:06:18.326079,30,19.4004,41.4108,1
709,2004-02-28,21:07:18.112518,30,19.3808,41.7133,1
710,2004-02-28,21:07:48.620146,30,19.3808,41.7133,1
711,2004-02-28,21:08:48.884448,30,19.3808,41.5789,1
712,2004-02-28,21:11:18.770575,30,19.3024,41.4444,1
713,2004-02-28,21:13:18.107937,30,19.2926,41.3771,1
714,2004-02-28,21:13:48.616929,30,19.2632,41.9818,1
715,2004-02-28,21:14:18.312819,30,19.2534,42.0489,1
716,2004-02-28,21:14:48.094911,30,19.2828,42.0824,1
717,2004-02-28,21:15:18.446506,30,19.2828,41.9818,1
718,2004-02-28,21:15:51.025609,30,19.2828,41.9818,1
719,2004-02-28,21:17:18.428419,30,19.2828,41.8476,1
720,2004-02-28,21:18:18.368497,30,19.2632,41.81399999999999,1
721,2004-02-28,21:19:19.214808,30,19.2534,41.8476,1
722,2004-02-28,21:19:52.683785,30,19.2632,41.8476,1
723,2004-02-28,21:20:22.29394,30,19.273,41.9147,1
724,2004-02-28,21:20:48.813696,30,19.2828,41.8476,1
725,2004-02-28,21:21:48.986917,30,19.2828,41.7133,1
726,2004-02-28,21:22:19.231541,30,19.2828,41.6797,1
727,2004-02-28,21:22:48.585924,30,19.273,41.7133,1
728,2004-02-28,21:24:18.425437,30,19.2534,41.6461,1
729,2004-02-28,21:26:18.568736,30,19.224,41.7133,1
730,2004-02-28,21:27:20.014329,30,19.2142,41.7805,1
731,2004-02-28,21:28:18.461718,30,19.2044,41.7469,1
732,2004-02-28,21:30:18.900622,30,19.1554,41.81399999999999,1
733,2004-02-28,21:30:48.323891,30,19.1456,41.8812,1
734,2004-02-28,21:31:48.19474,30,19.1554,41.8476,1
735,2004-02-28,21:32:18.870052,30,53.68684110381648,100.33319690687682,-1
736,2004-02-28,21:32:48.939689,30,19.1456,41.8476,1
737,2004-02-28,21:33:48.024792,30,19.126,41.7805,1
738,2004-02-28,21:34:18.73715,30,19.126,41.9483,1
739,2004-02-28,21:34:47.957932,30,19.126,41.9147,1
740,2004-02-28,21:35:18.90205,30,19.126,41.9147,1
741,2004-02-28,21:35:48.904955,30,19.1162,41.9147,1
742,2004-02-28,21:36:18.439603,30,60.24240916005768,103.89173166217367,-1
743,2004-02-28,21:36:48.442955,30,19.126,41.9147,1
744,2004-02-28,21:37:48.771078,30,19.126,41.8812,1
745,2004-02-28,21:38:18.88353,30,19.0966,41.8812,1
746,2004-02-28,21:38:48.392415,30,19.0966,41.9147,1
747,2004-02-28,21:40:52.151274,30,19.0868,41.8476,1
748,2004-02-28,21:41:47.922999,30,19.077,41.8476,1
749,2004-02-28,21:43:48.814819,30,19.0672,41.9147,1
750,2004-02-28,21:44:48.757095,30,19.0574,41.9147,1
751,2004-02-28,21:45:17.930838,30,19.0672,41.81399999999999,1
752,2004-02-28,21:47:52.55309,30,19.0476,42.0489,1
753,2004-02-28,21:49:49.022032,30,19.0182,41.8476,1
754,2004-02-28,21:51:47.954438,30,19.0084,41.8812,1
755,2004-02-28,21:52:17.952278,30,19.0084,41.9147,1
756,2004-02-28,21:52:47.95392,30,18.9986,41.9147,1
757,2004-02-28,21:53:18.711683,30,48.03700505066611,79.46098414984282,-1
758,2004-02-28,21:54:17.959097,30,18.9692,41.9483,1
759,2004-02-28,21:54:48.489363,30,18.9692,41.9147,1
760,2004-02-28,21:57:18.747015,30,18.9594,41.7805,1
761,2004-02-28,22:02:48.944304,30,18.8712,42.11600000000001,1
762,2004-02-28,22:07:18.030663,30,18.8516,41.9147,1
763,2004-02-28,22:07:48.002345,30,18.8516,41.9483,1
764,2004-02-28,22:08:18.92469,30,18.8516,41.9818,1
765,2004-02-28,22:08:49.116981,30,18.8516,41.9818,1
766,2004-02-28,22:13:18.900812,30,18.8026,41.9818,1
767,2004-02-28,22:14:19.808507,30,18.7928,41.9818,1
768,2004-02-28,22:14:48.43748,30,18.7928,41.9483,1
769,2004-02-28,22:20:48.858291,30,18.7242,41.9818,1
770,2004-02-28,22:22:21.313801,30,18.685,42.0824,1
771,2004-02-28,22:24:18.052689,30,18.6948,42.0824,1
772,2004-02-28,22:24:48.617236,30,18.6948,42.183,1
773,2004-02-28,22:27:48.70648,30,18.685,42.0489,1
774,2004-02-28,22:28:48.257813,30,59.21411231970836,113.990228066307,-1
775,2004-02-28,22:30:18.24128,30,18.636,42.1495,1
776,2004-02-28,22:36:48.772189,30,18.6164,42.11600000000001,1
777,2004-02-28,22:37:48.811931,30,18.5968,42.0824,1
778,2004-02-28,22:41:22.870909,30,18.5674,42.25,1
779,2004-02-28,22:43:48.233582,30,18.5772,41.9483,1
780,2004-02-28,22:45:18.138616,30,18.5478,42.11600000000001,1
781,2004-02-28,22:47:48.457979,30,18.4988,42.25,1
782,2004-02-28,22:48:48.829064,30,18.4988,42.25,1
783,2004-02-28,22:50:48.971335,30,18.5184,42.317,1
784,2004-02-28,22:52:18.293761,30,18.4988,42.3505,1
785,2004-02-28,22:56:18.716947,30,18.4792,42.317,1
786,2004-02-28,22:56:49.049763,30,18.4694,42.317,1
787,2004-02-28,22:57:48.607643,30,18.4498,42.317,1
788,2004-02-28,22:59:22.240753,30,18.44,42.25,1
789,2004-02-28,22:59:48.318856,30,18.4596,42.25,1
790,2004-02-28,23:00:19.055779,30,18.4596,42.2835,1
791,2004-02-28,23:00:48.541259,30,18.44,42.317,1
792,2004-02-28,23:01:49.071193,30,18.4498,42.317,1
793,2004-02-28,23:02:18.831943,30,18.4302,42.25,1
794,2004-02-28,23:02:48.528686,30,18.44,42.25,1
795,2004-02-28,23:03:20.234999,30,18.4302,42.2165,1
796,2004-02-28,23:04:18.187902,30,18.4302,42.2165,1
797,2004-02-28,23:04:48.334469,30,18.44,42.25,1
798,2004-02-28,23:05:18.76795,30,58.780781342839646,112.59276498525561,-1
799,2004-02-28,23:06:18.515608,30,18.4204,42.2165,1
800,2004-02-28,23:07:18.809025,30,18.4008,42.2835,1
801,2004-02-28,23:07:48.08605,30,18.4106,42.2835,1
802,2004-02-28,23:08:49.070468,30,18.4106,42.3505,1
803,2004-02-28,23:09:48.743548,30,18.4106,42.38399999999999,1
804,2004-02-28,23:10:18.071995,30,18.4008,42.3505,1
805,2004-02-28,23:10:49.012866,30,18.4008,42.317,1
806,2004-02-28,23:11:18.242974,30,18.4008,42.317,1
807,2004-02-28,23:11:48.953765,30,18.4008,42.38399999999999,1
808,2004-02-28,23:12:18.870923,30,18.391,42.38399999999999,1
809,2004-02-28,23:12:49.130322,30,18.3812,42.4174,1
810,2004-02-28,23:16:48.941318,30,18.391,42.38399999999999,1
811,2004-02-28,23:17:19.058212,30,18.4008,42.38399999999999,1
812,2004-02-28,23:17:48.565606,30,18.3812,42.38399999999999,1
813,2004-02-28,23:18:22.50943,30,18.3812,42.317,1
814,2004-02-28,23:19:22.049826,30,18.3714,42.3505,1
815,2004-02-28,23:21:48.788605,30,18.3616,42.317,1
816,2004-02-28,23:22:18.627835,30,18.342,42.317,1
817,2004-02-28,23:23:18.510184,30,18.342,42.2835,1
818,2004-02-28,23:24:18.944048,30,18.3616,42.25,1
819,2004-02-28,23:24:50.692938,30,51.547474092545656,100.84787981544343,-1
820,2004-02-28,23:25:19.028999,30,18.342,42.25,1
821,2004-02-28,23:25:52.572153,30,18.3224,42.25,1
822,2004-02-28,23:32:24.859134,30,39.39993758957898,104.40175660566888,-1
823,2004-02-28,23:32:48.339961,30,18.3224,42.38399999999999,1
824,2004-02-28,23:36:18.597558,30,18.2832,42.5178,1
825,2004-02-28,23:39:48.245844,30,63.47857357788273,101.24454821653788,-1
826,2004-02-28,23:40:48.184182,30,18.2636,42.4509,1
827,2004-02-28,23:42:19.016051,30,18.2244,42.4509,1
828,2004-02-28,23:43:18.991452,30,18.2244,42.4174,1
829,2004-02-28,23:44:49.131289,30,18.2244,42.38399999999999,1
830,2004-02-28,23:46:23.176851,30,18.2048,42.4509,1
831,2004-02-28,23:46:48.258792,30,18.1852,42.4174,1
832,2004-02-28,23:47:18.837818,30,18.1852,42.4174,1
833,2004-02-28,23:50:19.068125,30,18.1656,42.5178,1
834,2004-02-28,23:50:49.015557,30,18.1656,42.5513,1
835,2004-02-28,23:53:18.344431,30,18.1362,42.5847,1
836,2004-02-28,23:53:48.295695,30,18.1362,42.6516,1
837,2004-02-28,23:54:18.831974,30,18.1362,42.6516,1
838,2004-02-28,23:55:48.28343,30,18.1264,42.7185,1
839,2004-02-28,23:56:48.575067,30,18.1362,42.7185,1
840,2004-02-28,23:57:18.340174,30,18.146,42.6516,1
841,2004-02-28,23:57:48.325619,30,18.146,42.5847,1
842,2004-02-28,23:58:18.797547,30,18.146,42.5513,1
843,2004-02-28,23:59:48.790378,30,18.1656,42.4509,1
844,2004-02-29,00:00:48.944865,30,18.1852,42.4174,1
845,2004-02-29,00:01:48.447714,30,18.1656,42.4174,1
846,2004-02-29,00:04:18.32661,30,18.1656,42.38399999999999,1
847,2004-02-29,00:04:48.32218,30,18.1754,42.38399999999999,1
848,2004-02-29,00:05:48.680073,30,18.1754,42.317,1
849,2004-02-29,00:06:48.358946,30,18.1656,42.317,1
850,2004-02-29,00:07:18.367146,30,18.146,42.317,1
851,2004-02-29,00:08:18.130311,30,18.146,42.3505,1
852,2004-02-29,00:09:18.88188,30,18.1558,42.317,1
853,2004-02-29,00:09:48.325242,30,18.1558,42.2835,1
854,2004-02-29,00:10:18.9328,30,18.1558,42.317,1
855,2004-02-29,00:10:48.6201,30,18.1656,42.3505,1
856,2004-02-29,00:18:48.600681,30,18.1068,42.5178,1
857,2004-02-29,00:20:49.037311,30,18.1264,42.4844,1
858,2004-02-29,00:21:18.388182,30,18.1068,42.5178,1
859,2004-02-29,00:22:19.117844,30,18.1068,42.4509,1
860,2004-02-29,00:23:18.209903,30,18.097,42.4174,1
861,2004-02-29,00:23:48.188518,30,18.1068,42.38399999999999,1
862,2004-02-29,00:24:18.179653,30,18.1068,42.38399999999999,1
863,2004-02-29,00:25:18.432801,30,57.31481654724489,110.52284557595749,-1
864,2004-02-29,00:25:50.59512,30,18.1068,42.38399999999999,1
865,2004-02-29,00:26:18.904084,30,18.097,42.38399999999999,1
866,2004-02-29,00:29:18.213335,30,18.0578,42.38399999999999,1
867,2004-02-29,00:29:48.212158,30,18.0676,42.3505,1
868,2004-02-29,00:30:49.81536,30,18.0676,42.3505,1
869,2004-02-29,00:35:18.302428,30,18.0284,42.5178,1
870,2004-02-29,00:35:49.523377,30,18.0382,42.5513,1
871,2004-02-29,00:36:48.866534,30,18.0186,42.5847,1
872,2004-02-29,00:37:48.784716,30,18.0186,42.6182,1
873,2004-02-29,00:39:18.733696,30,17.95,42.7185,1
874,2004-02-29,00:40:48.337181,30,17.901,42.7185,1
875,2004-02-29,00:41:19.117568,30,17.8912,42.7853,1
876,2004-02-29,00:41:48.927129,30,17.8814,42.7853,1
877,2004-02-29,00:42:18.850554,30,65.04437089131059,95.8225163285581,-1
878,2004-02-29,00:43:18.995595,30,17.8618,42.8521,1
879,2004-02-29,00:45:18.283165,30,17.8226,42.8521,1
880,2004-02-29,00:46:48.498388,30,17.7932,42.8521,1
881,2004-02-29,00:47:18.797551,30,54.47746934427285,114.98346004241401,-1
882,2004-02-29,00:49:18.399233,30,17.754,42.9523,1
883,2004-02-29,00:49:52.187472,30,62.388791068148535,100.75872296437832,-1
884,2004-02-29,00:50:49.316342,30,17.7344,42.9189,1
885,2004-02-29,00:51:19.847404,30,17.7344,42.9523,1
886,2004-02-29,00:53:19.182196,30,17.6854,43.1191,1
887,2004-02-29,00:54:52.464644,30,51.16666724493199,110.03718638727022,-1
888,2004-02-29,00:56:48.462002,30,17.6364,43.2191,1
889,2004-02-29,00:58:48.837623,30,17.5776,43.3858,1
890,2004-02-29,00:59:48.416106,30,17.558,43.4524,1
891,2004-02-29,01:00:18.800634,30,17.558,43.4524,1
892,2004-02-29,01:00:48.845871,30,17.5188,43.519,1
893,2004-02-29,01:01:18.42401,30,17.5286,43.519,1
894,2004-02-29,01:01:49.150326,30,17.5286,43.4524,1
895,2004-02-29,01:02:49.027997,30,58.3031894602678,111.59422676188157,-1
896,2004-02-29,01:03:48.945862,30,17.5188,43.4857,1
897,2004-02-29,01:04:19.781848,30,17.5286,43.4524,1
898,2004-02-29,01:04:54.323927,30,17.5286,43.519,1
899,2004-02-29,01:05:18.961623,30,17.5482,43.4524,1
900,2004-02-29,01:07:19.695039,30,51.102556811588926,117.50008013857571,-1
901,2004-02-29,01:07:48.904804,30,17.5384,43.3858,1
902,2004-02-29,01:08:50.897127,30,17.5188,43.4524,1
903,2004-02-29,01:09:49.175812,30,17.5188,43.4857,1
904,2004-02-29,01:10:49.133687,30,17.5188,43.4524,1
905,2004-02-29,01:13:50.658023,30,17.4992,43.4857,1
906,2004-02-29,01:14:19.19149,30,45.841637664793254,102.93651015461344,-1
907,2004-02-29,01:14:48.944608,30,17.4992,43.519,1
908,2004-02-29,01:16:19.22351,30,17.4796,43.5855,1
909,2004-02-29,01:16:48.879751,30,17.4796,43.5522,1
910,2004-02-29,01:17:48.431486,30,17.4502,43.5855,1
911,2004-02-29,01:19:18.861648,30,17.46,43.6521,1
912,2004-02-29,01:20:53.15635,30,17.4404,43.7518,1
913,2004-02-29,01:22:48.442696,30,17.4404,43.7518,1
914,2004-02-29,01:24:22.245181,30,17.4208,43.7851,1
915,2004-02-29,01:24:51.218983,30,63.21548934267527,108.68828328484078,-1
916,2004-02-29,01:25:53.662503,30,17.4208,43.7851,1
917,2004-02-29,01:26:18.927941,30,17.410999999999998,43.7518,1
918,2004-02-29,01:26:49.13067,30,17.4208,43.7518,1
919,2004-02-29,01:28:48.49338,30,17.4208,43.7186,1
920,2004-02-29,01:30:18.944831,30,17.410999999999998,43.7186,1
921,2004-02-29,01:30:49.062282,30,17.4012,43.7186,1
922,2004-02-29,01:31:23.679534,30,17.3816,43.7186,1
923,2004-02-29,01:34:52.892256,30,17.362000000000002,43.8183,1
924,2004-02-29,01:35:19.476267,30,17.3424,43.8515,1
925,2004-02-29,01:35:48.607112,30,17.3424,43.8848,1
926,2004-02-29,01:36:21.644291,30,17.3326,43.918,1
927,2004-02-29,01:36:48.968926,30,17.3326,43.9512,1
928,2004-02-29,01:37:24.017379,30,17.3032,44.0176,1
929,2004-02-29,01:37:49.344784,30,17.3032,44.0176,1
930,2004-02-29,01:38:19.27278,30,17.2836,44.0176,1
931,2004-02-29,01:39:19.32466,30,17.2836,44.084,1
932,2004-02-29,01:41:19.426712,30,17.3032,44.1172,1
933,2004-02-29,01:41:48.309678,30,17.3032,44.1172,1
934,2004-02-29,01:43:18.894123,30,17.3032,44.0508,1
935,2004-02-29,01:46:48.821108,30,17.2738,44.0508,1
936,2004-02-29,01:48:19.03429,30,17.264,44.1172,1
937,2004-02-29,01:49:19.32369,30,17.264,44.1172,1
938,2004-02-29,01:49:54.04941,30,17.264,44.084,1
939,2004-02-29,01:50:22.296017,30,17.2836,44.1172,1
940,2004-02-29,01:50:49.006651,30,17.2738,44.0508,1
941,2004-02-29,01:51:18.940391,30,17.2444,44.1172,1
942,2004-02-29,01:51:48.486734,30,17.2444,44.1504,1
943,2004-02-29,01:52:18.890118,30,17.2444,44.084,1
944,2004-02-29,01:53:22.198751,30,40.5244882675955,102.55338673695982,-1
945,2004-02-29,01:53:49.373968,30,17.2542,44.1172,1
946,2004-02-29,01:54:18.500354,30,17.2346,44.1172,1
947,2004-02-29,01:56:21.564418,30,17.2052,44.1836,1
948,2004-02-29,01:57:18.422141,30,17.2052,44.2831,1
949,2004-02-29,02:00:48.482448,30,17.1954,44.3825,1
950,2004-02-29,02:02:48.41144,30,17.1758,44.4488,1
951,2004-02-29,02:05:19.115552,30,65.3394346836813,89.53053413351086,-1
952,2004-02-29,02:06:18.794516,30,17.1464,44.4488,1
953,2004-02-29,02:06:48.789079,30,17.1268,44.5151,1
954,2004-02-29,02:09:22.319319,30,17.1268,44.4488,1
955,2004-02-29,02:10:19.219885,30,17.1366,44.4819,1
956,2004-02-29,02:12:49.122773,30,17.1072,44.5151,1
957,2004-02-29,02:13:23.585665,30,17.117,44.4819,1
958,2004-02-29,02:16:18.648184,30,17.067999999999998,44.5813,1
959,2004-02-29,02:16:49.168762,30,17.0778,44.5813,1
960,2004-02-29,02:17:18.914144,30,17.0876,44.5482,1
961,2004-02-29,02:17:52.460532,30,17.0974,44.5482,1
962,2004-02-29,02:19:18.63689,30,17.0778,44.6475,1
963,2004-02-29,02:19:49.040621,30,17.0582,44.7137,1
964,2004-02-29,02:20:26.195932,30,42.72760067841794,105.6759654775583,-1
965,2004-02-29,02:21:49.015857,30,17.067999999999998,44.7137,1
966,2004-02-29,02:22:49.000428,30,17.0484,44.7467,1
967,2004-02-29,02:23:18.651635,30,17.0484,44.7137,1
968,2004-02-29,02:24:19.304787,30,17.0288,44.7467,1
969,2004-02-29,02:24:49.251058,30,68.68902039633393,104.99871345347601,-1
970,2004-02-29,02:26:19.145807,30,17.0092,44.7798,1
971,2004-02-29,02:27:18.756263,30,16.97,44.846,1
972,2004-02-29,02:29:19.336613,30,16.9994,44.7798,1
973,2004-02-29,02:30:19.612163,30,16.97,44.7467,1
974,2004-02-29,02:32:18.553408,30,16.9602,44.846,1
975,2004-02-29,02:32:49.257381,30,16.9504,44.846,1
976,2004-02-29,02:33:19.332774,30,16.9602,44.846,1
977,2004-02-29,02:33:49.018832,30,16.9504,44.846,1
978,2004-02-29,02:34:49.220322,30,16.9504,44.846,1
979,2004-02-29,02:35:18.930544,30,16.9308,44.879,1
980,2004-02-29,02:35:49.360158,30,16.9308,44.9451,1
981,2004-02-29,02:40:19.061976,30,16.9112,45.0442,1
982,2004-02-29,02:41:19.438899,30,16.8916,45.1103,1
983,2004-02-29,02:42:48.566942,30,16.9112,45.0773,1
984,2004-02-29,02:43:51.63101,30,16.8916,45.1103,1
985,2004-02-29,02:44:18.554621,30,16.8818,45.1433,1
986,2004-02-29,02:45:48.65128,30,16.8622,45.1433,1
987,2004-02-29,02:46:18.574189,30,16.8622,45.1433,1
988,2004-02-29,02:53:49.258612,30,16.7838,45.3743,1
989,2004-02-29,02:54:19.107293,30,16.7936,45.3413,1
990,2004-02-29,02:57:18.583555,30,16.7936,45.3743,1
991,2004-02-29,02:57:48.997207,30,16.8034,45.4072,1
992,2004-02-29,02:58:18.694357,30,16.8132,45.4072,1
993,2004-02-29,02:59:49.304886,30,16.7936,45.4402,1
994,2004-02-29,03:00:18.667271,30,16.7838,45.4072,1
995,2004-02-29,03:00:49.668423,30,16.7838,45.4732,1
996,2004-02-29,03:01:48.915024,30,16.7936,45.4732,1
997,2004-02-29,03:02:18.4952,30,16.7936,45.4732,1
998,2004-02-29,03:02:51.839155,30,16.7838,45.5061,1
999,2004-02-29,03:03:50.639118,30,16.774,45.5061,1
1000,2004-02-29,03:04:18.623204,30,16.7642,45.4732,1
1001,2004-02-29,03:06:18.946356,30,16.7348,45.572,1
1002,2004-02-29,03:06:49.309353,30,16.7446,45.572,1
1003,2004-02-29,03:10:20.232431,30,16.7348,45.572,1
1004,2004-02-29,03:11:49.026602,30,16.7348,45.5391,1
1005,2004-02-29,03:12:54.01773,30,16.725,45.572,1
1006,2004-02-29,03:13:23.493891,30,16.7348,45.5391,1
1007,2004-02-29,03:15:49.013242,30,16.7446,45.5061,1
1008,2004-02-29,03:16:51.157816,30,46.390427170977816,93.63478387951818,-1
1009,2004-02-29,03:17:22.621106,30,16.7544,45.572,1
1010,2004-02-29,03:17:48.985267,30,16.725,45.572,1
1011,2004-02-29,03:19:48.52312,30,16.7544,45.572,1
1012,2004-02-29,03:21:19.120563,30,16.7348,45.6049,1
1013,2004-02-29,03:22:19.139338,30,16.7446,45.6049,1
1014,2004-02-29,03:22:50.492157,30,70.09111505539893,101.31029742058644,-1
1015,2004-02-29,03:23:18.598676,30,16.7642,45.5061,1
1016,2004-02-29,03:24:49.249744,30,16.7544,45.5391,1
1017,2004-02-29,03:25:49.550638,30,16.7446,45.5391,1
1018,2004-02-29,03:29:19.299253,30,16.7054,45.6049,1
1019,2004-02-29,03:30:18.861498,30,16.7054,45.6049,1
1020,2004-02-29,03:30:53.004662,30,16.7152,45.6049,1
1021,2004-02-29,03:31:18.899478,30,16.7054,45.6049,1
1022,2004-02-29,03:31:48.923063,30,16.7054,45.6379,1
1023,2004-02-29,03:33:19.423823,30,16.676,45.7037,1
1024,2004-02-29,03:33:49.200904,30,16.676,45.6708,1
1025,2004-02-29,03:35:49.137185,30,16.6466,45.8353,1
1026,2004-02-29,03:36:48.83931,30,16.6466,45.9011,1
1027,2004-02-29,03:37:19.22303,30,16.6564,45.8353,1
1028,2004-02-29,03:37:48.792445,30,16.6662,45.8353,1
1029,2004-02-29,03:38:19.062441,30,16.6662,45.8353,1
1030,2004-02-29,03:39:18.938627,30,16.676,45.8353,1
1031,2004-02-29,03:39:49.467638,30,16.6466,45.8682,1
1032,2004-02-29,03:40:48.690474,30,16.6368,45.9669,1
1033,2004-02-29,03:41:19.149878,30,16.6368,45.9669,1
1034,2004-02-29,03:42:19.111669,30,16.627,45.9011,1
1035,2004-02-29,03:42:49.035483,30,49.04148366222145,109.44467848852273,-1
1036,2004-02-29,03:43:19.181959,30,16.6368,45.9011,1
1037,2004-02-29,03:44:19.543172,30,16.6368,45.9669,1
1038,2004-02-29,03:44:49.000092,30,16.627,45.934,1
1039,2004-02-29,03:45:18.98283,30,16.6368,45.9011,1
1040,2004-02-29,03:46:18.632266,30,16.627,45.9011,1
1041,2004-02-29,03:49:19.383143,30,16.6074,46.0655,1
1042,2004-02-29,03:52:19.568014,30,16.5976,46.0655,1
1043,2004-02-29,03:53:19.100614,30,16.5976,46.0655,1
1044,2004-02-29,03:54:19.204486,30,16.5878,46.0655,1
1045,2004-02-29,03:55:19.373542,30,16.5976,46.0655,1
1046,2004-02-29,03:55:49.005818,30,16.5878,46.0655,1
1047,2004-02-29,03:56:49.469978,30,16.5878,46.0655,1
1048,2004-02-29,03:57:19.423433,30,16.5976,46.0655,1
1049,2004-02-29,03:58:23.25096,30,16.5878,46.0655,1
1050,2004-02-29,04:00:19.459957,30,16.5584,46.164,1
1051,2004-02-29,04:00:49.069505,30,16.5584,46.2297,1
1052,2004-02-29,04:03:01.128643,30,16.5584,46.164,1
1053,2004-02-29,04:03:49.23189,30,16.5486,46.2297,1
1054,2004-02-29,04:05:18.777845,30,16.5388,46.2297,1
1055,2004-02-29,04:06:49.475449,30,16.5388,46.164,1
1056,2004-02-29,04:08:19.208417,30,16.4996,46.3281,1
1057,2004-02-29,04:09:19.284703,30,16.4898,46.3609,1
1058,2004-02-29,04:10:18.987713,30,16.4898,46.3609,1
1059,2004-02-29,04:10:49.153004,30,16.4604,46.4265,1
1060,2004-02-29,04:11:19.245449,30,16.4604,46.4265,1
1061,2004-02-29,04:12:19.509601,30,57.48577083815871,119.04093174885713,-1
1062,2004-02-29,04:12:49.332544,30,16.4702,46.3937,1
1063,2004-02-29,04:13:18.661019,30,16.48,46.4593,1
1064,2004-02-29,04:13:53.032957,30,16.4996,46.4593,1
1065,2004-02-29,04:17:19.022958,30,47.86683908104422,91.4971082959078,-1
1066,2004-02-29,04:17:49.221522,30,16.4702,46.4921,1
1067,2004-02-29,04:19:49.093711,30,60.12248935632171,109.75872906400318,-1
1068,2004-02-29,04:20:49.172196,30,16.4604,46.5905,1
1069,2004-02-29,04:23:19.486177,30,63.98649650838563,117.34974217976747,-1
1070,2004-02-29,04:23:49.405262,30,16.4506,46.6232,1
1071,2004-02-29,04:24:49.576989,30,16.4408,46.6232,1
1072,2004-02-29,04:25:20.530701,30,16.430999999999994,46.65600000000001,1
1073,2004-02-29,04:28:49.031047,30,16.4408,46.5577,1
1074,2004-02-29,04:29:18.664993,30,16.4408,46.5577,1
1075,2004-02-29,04:31:19.0676,30,16.4212,46.65600000000001,1
1076,2004-02-29,04:35:19.117581,30,16.4016,46.8524,1
1077,2004-02-29,04:41:48.773328,30,16.382,46.8851,1
1078,2004-02-29,04:42:19.646487,30,16.382,46.8851,1
1079,2004-02-29,04:42:52.997514,30,16.382,46.8851,1
1080,2004-02-29,04:43:49.348278,30,16.382,46.8851,1
1081,2004-02-29,04:45:49.005015,30,16.382,46.8851,1
1082,2004-02-29,04:46:19.570995,30,16.382,46.8851,1
1083,2004-02-29,04:46:50.255673,30,16.382,46.8197,1
1084,2004-02-29,04:47:25.291507,30,16.382,46.8851,1
1085,2004-02-29,04:51:18.767712,30,16.382,46.9505,1
1086,2004-02-29,04:51:53.213618,30,16.3722,46.9505,1
1087,2004-02-29,04:53:19.476485,30,16.3526,47.0813,1
1088,2004-02-29,04:53:48.751128,30,16.3624,47.0486,1
1089,2004-02-29,04:54:49.484006,30,16.3624,47.0159,1
1090,2004-02-29,04:57:18.68991,30,16.3624,47.0159,1
1091,2004-02-29,04:58:18.694624,30,16.3526,47.0486,1
1092,2004-02-29,04:59:48.736186,30,16.3526,47.0486,1
1093,2004-02-29,05:04:18.960725,30,16.3036,47.114,1
1094,2004-02-29,05:07:18.780884,30,16.2938,47.114,1
1095,2004-02-29,05:08:52.485542,30,16.2938,47.1467,1
1096,2004-02-29,05:13:21.090084,30,16.3232,47.212,1
1097,2004-02-29,05:14:49.497512,30,16.3036,47.212,1
1098,2004-02-29,05:23:19.553905,30,16.2252,47.3752,1
1099,2004-02-29,05:23:48.803897,30,16.2056,47.4405,1
1100,2004-02-29,05:28:48.963014,30,16.1762,47.5709,1
1101,2004-02-29,05:29:18.710941,30,16.186,47.5383,1
1102,2004-02-29,05:31:52.820911,30,16.2252,47.5057,1
1103,2004-02-29,05:32:49.430406,30,16.2252,47.5057,1
1104,2004-02-29,05:33:18.701137,30,16.2154,47.5383,1
1105,2004-02-29,05:36:23.547764,30,16.1958,47.6035,1
1106,2004-02-29,05:39:48.948945,30,50.760487274198944,109.99341681034365,-1
1107,2004-02-29,05:40:24.062982,30,16.186,47.5709,1
1108,2004-02-29,05:43:18.954093,30,16.1272,47.6687,1
1109,2004-02-29,05:43:48.730779,30,16.1272,47.7013,1
1110,2004-02-29,05:45:51.871345,30,16.088,47.7664,1
1111,2004-02-29,05:47:18.78428,30,16.0782,47.8641,1
1112,2004-02-29,05:48:48.967376,30,16.088,47.8641,1
1113,2004-02-29,05:51:54.482094,30,16.0684,47.9617,1
1114,2004-02-29,05:52:21.357431,30,16.0684,47.9942,1
1115,2004-02-29,05:53:49.174916,30,16.0684,47.9942,1
1116,2004-02-29,05:54:23.028813,30,16.0488,48.0267,1
1117,2004-02-29,05:55:19.481524,30,16.0488,48.0593,1
1118,2004-02-29,05:57:25.315381,30,16.039,47.9942,1
1119,2004-02-29,05:58:50.381147,30,16.039,47.9942,1
1120,2004-02-29,05:59:48.866548,30,16.039,47.9942,1
1121,2004-02-29,06:00:19.568514,30,16.039,47.9942,1
1122,2004-02-29,06:00:49.350224,30,16.0194,47.9942,1
1123,2004-02-29,06:01:19.393743,30,16.0194,48.0267,1
1124,2004-02-29,06:02:49.611724,30,15.9998,48.0593,1
1125,2004-02-29,06:04:18.87917,30,15.99,48.1243,1
1126,2004-02-29,06:08:48.829038,30,16.0096,48.1568,1
1127,2004-02-29,06:09:48.873386,30,15.9998,48.1243,1
1128,2004-02-29,06:16:19.147644,30,15.9802,48.2543,1
1129,2004-02-29,06:16:50.425173,30,15.9704,48.2543,1
1130,2004-02-29,06:18:18.874979,30,15.9802,48.2543,1
1131,2004-02-29,06:18:51.212046,30,15.9606,48.2218,1
1132,2004-02-29,06:19:18.870553,30,15.9606,48.2543,1
1133,2004-02-29,06:19:49.684625,30,15.9606,48.2543,1
1134,2004-02-29,06:20:49.243413,30,46.17110768950847,112.08923539254899,-1
1135,2004-02-29,06:21:20.084097,30,15.9606,48.2218,1
1136,2004-02-29,06:21:50.175114,30,15.9704,48.2543,1
1137,2004-02-29,06:22:19.626204,30,15.9704,48.2218,1
1138,2004-02-29,06:22:49.72705,30,15.9704,48.2543,1
1139,2004-02-29,06:25:19.022323,30,15.9998,48.2867,1
1140,2004-02-29,06:26:19.429564,30,15.99,48.2867,1
1141,2004-02-29,06:26:51.725418,30,16.0096,48.2543,1
1142,2004-02-29,06:27:49.490349,30,16.0096,48.2867,1
1143,2004-02-29,06:31:19.363861,30,16.0194,48.1893,1
1144,2004-02-29,06:33:18.899171,30,16.0488,48.1893,1
1145,2004-02-29,06:34:19.144214,30,16.0292,48.1893,1
1146,2004-02-29,06:35:49.457384,30,16.0292,48.1568,1
1147,2004-02-29,06:36:21.927621,30,16.0488,48.1568,1
1148,2004-02-29,06:36:48.872263,30,59.5543386207153,113.67939403426803,-1
1149,2004-02-29,06:42:49.658578,30,16.0292,48.2867,1
1150,2004-02-29,06:43:49.560283,30,62.537905086406994,108.88598024445248,-1
1151,2004-02-29,06:44:55.990253,30,16.039,48.1893,1
1152,2004-02-29,06:45:49.29091,30,16.0292,48.2543,1
1153,2004-02-29,06:46:25.829234,30,16.0292,48.2543,1
1154,2004-02-29,06:47:49.074146,30,16.0096,48.3517,1
1155,2004-02-29,06:48:18.793278,30,15.9998,48.3517,1
1156,2004-02-29,06:49:18.914935,30,16.0096,48.3192,1
1157,2004-02-29,06:49:49.168182,30,16.0096,48.2867,1
1158,2004-02-29,06:51:20.646287,30,16.0292,48.2867,1
1159,2004-02-29,06:52:49.273895,30,16.039,48.2543,1
1160,2004-02-29,06:53:22.929794,30,16.0096,48.3192,1
1161,2004-02-29,06:53:49.195502,30,16.0096,48.3192,1
1162,2004-02-29,06:54:48.803774,30,16.0194,48.3192,1
1163,2004-02-29,06:55:18.806547,30,16.0096,48.3192,1
1164,2004-02-29,06:56:19.428202,30,16.0096,48.3192,1
1165,2004-02-29,06:56:55.750999,30,16.0194,48.3192,1
1166,2004-02-29,06:57:25.128262,30,16.0194,48.3192,1
1167,2004-02-29,06:57:49.050546,30,16.0194,48.3192,1
1168,2004-02-29,06:58:55.313038,30,16.0194,48.3192,1
1169,2004-02-29,07:00:48.818205,30,16.0096,48.3841,1
1170,2004-02-29,07:02:19.723892,30,16.0096,48.449,1
1171,2004-02-29,07:03:49.737223,30,16.0096,48.5139,1
1172,2004-02-29,07:05:51.24548,30,16.0488,48.3841,1
1173,2004-02-29,07:06:18.938459,30,16.0488,48.3841,1
1174,2004-02-29,07:06:49.423011,30,16.0488,48.3841,1
1175,2004-02-29,07:08:19.439084,30,16.0488,48.3192,1
1176,2004-02-29,07:08:49.354511,30,16.0586,48.3192,1
1177,2004-02-29,07:09:19.731857,30,16.0488,48.3192,1
1178,2004-02-29,07:10:18.852182,30,16.0488,48.3192,1
1179,2004-02-29,07:11:24.898663,30,16.039,48.2867,1
1180,2004-02-29,07:13:49.417843,30,16.0292,48.3517,1
1181,2004-02-29,07:15:19.062828,30,16.0292,48.3192,1
1182,2004-02-29,07:15:49.0762,30,16.039,48.2867,1
1183,2004-02-29,07:16:20.768912,30,16.0488,48.2867,1
1184,2004-02-29,07:16:49.864052,30,16.039,48.2543,1
1185,2004-02-29,07:18:18.991617,30,16.0488,48.3517,1
1186,2004-02-29,07:18:51.584037,30,16.0586,48.3517,1
1187,2004-02-29,07:21:49.720956,30,16.0586,48.3517,1
1188,2004-02-29,07:22:19.91323,30,16.0586,48.3517,1
1189,2004-02-29,07:22:49.868612,30,16.0782,48.2867,1
1190,2004-02-29,07:23:49.622859,30,16.088,48.2867,1
1191,2004-02-29,07:24:18.773248,30,16.088,48.2543,1
1192,2004-02-29,07:25:22.705454,30,16.0978,48.2543,1
1193,2004-02-29,07:25:48.913107,30,56.483951234489886,108.10946675835561,-1
1194,2004-02-29,07:26:19.757832,30,16.1076,48.2218,1
1195,2004-02-29,07:27:19.782799,30,16.1174,48.1893,1
1196,2004-02-29,07:29:19.460824,30,16.1272,48.0918,1
1197,2004-02-29,07:31:23.747856,30,16.1664,48.0267,1
1198,2004-02-29,07:31:49.915924,30,16.1762,48.0267,1
1199,2004-02-29,07:32:28.559955,30,16.1664,47.9942,1
1200,2004-02-29,07:32:49.489958,30,16.186,47.9617,1
1201,2004-02-29,07:33:49.437626,30,16.2056,47.8641,1
1202,2004-02-29,07:34:19.641964,30,16.2056,47.8641,1
1203,2004-02-29,07:34:49.14907,30,16.2154,47.8641,1
1204,2004-02-29,07:35:19.614938,30,16.2154,47.9292,1
1205,2004-02-29,07:36:49.328649,30,16.2252,47.8966,1
1206,2004-02-29,07:37:19.099144,30,16.2252,47.9617,1
1207,2004-02-29,07:38:49.787779,30,16.2448,47.8641,1
1208,2004-02-29,07:39:49.406315,30,16.2644,47.799,1
1209,2004-02-29,07:40:19.394061,30,16.284000000000002,47.799,1
1210,2004-02-29,07:42:49.100612,30,16.284000000000002,47.7338,1
1211,2004-02-29,07:43:18.966462,30,16.2938,47.6687,1
1212,2004-02-29,07:43:49.000293,30,16.2938,47.6687,1
1213,2004-02-29,07:44:19.700098,30,16.2938,47.7338,1
1214,2004-02-29,07:45:19.028957,30,16.3134,47.6361,1
1215,2004-02-29,07:46:49.028032,30,16.3428,47.5057,1
1216,2004-02-29,07:47:19.847829,30,16.3428,47.5383,1
1217,2004-02-29,07:47:49.157949,30,49.8437126660063,106.68688499281141,-1
1218,2004-02-29,07:49:19.761962,30,16.3624,47.4731,1
1219,2004-02-29,07:49:49.36137,30,16.3624,47.4079,1
1220,2004-02-29,07:50:49.473567,30,16.382,47.4079,1
1221,2004-02-29,07:51:22.868731,30,16.3918,47.3426,1
1222,2004-02-29,07:53:19.437677,30,16.4016,47.2447,1
1223,2004-02-29,07:54:49.587246,30,16.4212,47.3426,1
1224,2004-02-29,07:55:19.130677,30,16.4408,47.2773,1
1225,2004-02-29,07:55:49.309715,30,16.4604,47.2773,1
1226,2004-02-29,07:56:19.374487,30,16.4604,47.1793,1
1227,2004-02-29,07:56:49.848371,30,16.4604,47.2773,1
1228,2004-02-29,07:57:19.098476,30,16.48,47.2773,1
1229,2004-02-29,07:57:49.901325,30,16.4604,47.212,1
1230,2004-02-29,07:58:19.549271,30,16.48,47.2773,1
1231,2004-02-29,08:02:19.450932,30,16.6956,46.7542,1
1232,2004-02-29,08:03:49.070224,30,72.56533061756906,97.10702607050786,-1
1233,2004-02-29,08:04:19.595532,30,16.7544,46.5577,1
1234,2004-02-29,08:11:19.981493,30,17.2542,45.3083,1
1235,2004-02-29,08:22:19.727699,30,64.96598474319697,98.02222965754417,-1
1236,2004-02-29,09:32:49.669569,30,22.3992,34.7445,1
1237,2004-02-29,09:33:19.69277,30,22.3796,34.8139,1
1238,2004-02-29,09:34:19.213104,30,22.3012,34.9528,1
1239,2004-02-29,09:34:49.783156,30,22.262,35.0222,1
1240,2004-02-29,09:35:49.265971,30,22.1934,35.2302,1
1241,2004-02-29,09:38:49.816272,30,22.017,35.5072,1
1242,2004-02-29,09:39:20.091474,30,21.9974,35.5418,1
1243,2004-02-29,09:39:49.283839,30,21.9484,35.611,1
1244,2004-02-29,09:41:23.157017,30,21.8112,35.9221,1
1245,2004-02-29,09:41:49.776508,30,21.8112,35.9221,1
1246,2004-02-29,09:42:49.832111,30,21.723000000000006,36.0603,1
1247,2004-02-29,09:43:20.064842,30,21.7034,36.1983,1
1248,2004-02-29,09:45:24.416502,30,21.5956,36.4052,1
1249,2004-02-29,09:46:49.290932,30,21.5172,36.5774,1
1250,2004-02-29,09:47:49.190913,30,21.4388,36.7495,1
1251,2004-02-29,09:48:49.586663,30,21.3604,36.9559,1
1252,2004-02-29,09:49:19.31897,30,21.331,37.0933,1
1253,2004-02-29,09:49:49.833823,30,21.282,37.1963,1
1254,2004-02-29,09:50:19.598322,30,21.2428,37.3336,1
1255,2004-02-29,09:53:50.397521,30,21.037,37.745,1
1256,2004-02-29,09:54:19.954103,30,21.0076,37.7792,1
1257,2004-02-29,14:12:54.501145,30,22.0954,38.1213,1
1258,2004-02-29,14:13:51.403033,30,22.0366,38.0871,1
1259,2004-02-29,14:15:27.746297,30,21.8896,38.3605,1
1260,2004-02-29,14:51:49.941823,30,22.017,38.258,1
1261,2004-02-29,14:53:19.538575,30,21.9876,38.2922,1
1262,2004-02-29,14:54:20.239474,30,21.9288,38.4629,1
1263,2004-02-29,14:55:56.950539,30,21.8896,38.6675,1
1264,2004-02-29,14:57:23.254125,30,21.8112,38.6675,1
1265,2004-02-29,14:58:58.185524,30,21.674,39.0763,1
1266,2004-02-29,15:02:20.31112,30,21.6642,39.8574,1
1267,2004-02-29,15:04:50.180366,30,21.6348,39.3483,1
1268,2004-02-29,15:05:55.335063,30,21.5662,39.3483,1
1269,2004-02-29,15:06:19.673474,30,21.5466,39.62,1
1270,2004-02-29,15:06:50.528636,30,21.5368,39.4842,1
1271,2004-02-29,15:09:55.838027,30,21.4976,39.5521,1
1272,2004-02-29,15:10:49.70416,30,21.478,39.6539,1
1273,2004-02-29,15:11:20.054577,30,21.4584,39.5521,1
1274,2004-02-29,15:11:49.985156,30,21.4584,39.6878,1
1275,2004-02-29,15:12:49.937789,30,21.4192,39.6878,1
1276,2004-02-29,15:13:19.726819,30,21.3898,39.7557,1
1277,2004-02-29,15:15:20.123701,30,21.282,40.2299,1
1278,2004-02-29,15:17:50.378705,30,21.2428,40.1622,1
1279,2004-02-29,15:18:19.725191,30,21.2428,40.2638,1
1280,2004-02-29,15:18:50.167051,30,21.2428,40.2299,1
1281,2004-02-29,15:20:20.38826,30,21.184,40.3652,1
1282,2004-02-29,15:22:49.666217,30,21.184,40.4328,1
1283,2004-02-29,15:23:50.390553,30,21.1742,40.2976,1
1284,2004-02-29,15:24:19.641348,30,63.998131119044054,92.21669844517459,-1
1285,2004-02-29,15:25:21.542285,30,21.1448,40.4328,1
1286,2004-02-29,15:26:49.656576,30,21.1056,40.56800000000001,1
1287,2004-02-29,15:30:19.810608,30,21.037,40.6355,1
1288,2004-02-29,15:30:51.250907,30,21.0174,40.7706,1
1289,2004-02-29,15:31:59.87438,30,20.988000000000003,40.7368,1
1290,2004-02-29,15:37:54.743397,30,20.7724,41.3771,1
1291,2004-02-29,15:40:49.694138,30,20.6744,41.4108,1
1292,2004-02-29,15:41:26.241689,30,20.6548,41.5116,1
1293,2004-02-29,15:41:50.500549,30,20.6156,41.5789,1
1294,2004-02-29,15:44:59.332657,30,20.5764,41.6461,1
1295,2004-02-29,15:45:50.244512,30,20.5568,41.5789,1
1296,2004-02-29,15:47:49.820681,30,20.498,41.6797,1
1297,2004-02-29,15:51:20.28899,30,20.3706,41.8476,1
1298,2004-02-29,15:52:49.745058,30,20.351,42.11600000000001,1
1299,2004-02-29,15:53:20.667681,30,20.3412,42.0824,1
1300,2004-02-29,15:53:49.810252,30,20.351,41.9147,1
1301,2004-02-29,15:54:20.159592,30,20.351,41.9147,1
1302,2004-02-29,15:55:26.153968,30,20.3216,42.0489,1
1303,2004-02-29,15:56:19.625171,30,20.2922,42.0489,1
1304,2004-02-29,15:56:50.307273,30,20.302,42.0824,1
1305,2004-02-29,15:57:49.640289,30,20.2628,42.0489,1
1306,2004-02-29,15:58:20.447379,30,57.27121051072554,95.50313774706635,-1
1307,2004-02-29,15:58:50.343077,30,20.2432,42.183,1
1308,2004-02-29,15:59:22.282303,30,20.2334,42.11600000000001,1
1309,2004-02-29,15:59:50.230564,30,20.2334,42.0489,1
1310,2004-02-29,16:04:20.063378,30,20.1746,42.25,1
1311,2004-02-29,16:04:50.204394,30,20.1648,42.11600000000001,1
1312,2004-02-29,16:07:03.499436,30,20.1354,42.2835,1
1313,2004-02-29,16:07:20.061373,30,57.95159269543009,98.27093617916594,-1
1314,2004-02-29,16:07:50.069802,30,20.1158,42.4509,1
1315,2004-02-29,16:09:23.450054,30,20.0864,42.5513,1
1316,2004-02-29,16:09:49.660052,30,20.0962,42.5178,1
1317,2004-02-29,16:10:50.637857,30,20.1158,42.5513,1
1318,2004-02-29,16:11:20.622084,30,20.1158,42.38399999999999,1
1319,2004-02-29,16:11:50.750838,30,20.1158,42.4509,1
1320,2004-02-29,16:12:50.526422,30,20.1256,42.38399999999999,1
1321,2004-02-29,16:13:19.81168,30,20.106,42.4509,1
1322,2004-02-29,16:15:20.33699,30,20.0864,42.38399999999999,1
1323,2004-02-29,16:15:50.534935,30,20.0962,42.4844,1
1324,2004-02-29,16:16:20.488625,30,20.0668,42.4174,1
1325,2004-02-29,16:17:53.8432,30,20.008,42.6182,1
1326,2004-02-29,16:18:22.16035,30,20.0178,42.5847,1
1327,2004-02-29,16:18:49.766617,30,20.008,42.685,1
1328,2004-02-29,16:19:50.525847,30,20.008,43.3191,1
1329,2004-02-29,16:21:20.748927,30,20.0276,42.9856,1
1330,2004-02-29,16:22:21.749638,30,75.8827841945348,107.81418443355855,-1
1331,2004-02-29,16:22:50.201876,30,20.008,43.2525,1
1332,2004-02-29,16:23:25.553356,30,19.9982,43.2525,1
1333,2004-02-29,16:23:49.769533,30,19.9982,43.2858,1
1334,2004-02-29,16:26:50.040636,30,19.9786,43.1191,1
1335,2004-02-29,16:27:50.149464,30,19.9688,43.1191,1
1336,2004-02-29,16:29:20.624197,30,19.9296,43.2858,1
1337,2004-02-29,16:33:50.098051,30,19.8904,43.4524,1
1338,2004-02-29,16:36:19.75456,30,19.9002,42.9856,1
1339,2004-02-29,16:39:50.698198,30,19.8218,43.4857,1
1340,2004-02-29,16:40:20.172696,30,73.51745328354201,102.17520771211281,-1
1341,2004-02-29,16:40:49.889841,30,19.812,43.519,1
1342,2004-02-29,16:48:53.685332,30,19.7728,43.4857,1
1343,2004-02-29,16:50:49.83684,30,19.7826,43.4857,1
1344,2004-02-29,16:51:25.679924,30,19.7532,43.519,1
1345,2004-02-29,16:54:50.581883,30,19.6944,43.519,1
1346,2004-02-29,16:55:20.300454,30,19.6944,43.4524,1
1347,2004-02-29,16:56:50.068773,30,19.665,43.519,1
1348,2004-02-29,17:00:24.098403,30,19.6062,43.5522,1
1349,2004-02-29,17:01:50.68983,30,19.6258,43.2525,1
1350,2004-02-29,17:02:20.552583,30,19.6258,43.3858,1
1351,2004-02-29,17:03:30.511023,30,19.6356,43.3191,1
1352,2004-02-29,17:03:50.420371,30,19.6454,43.2525,1
1353,2004-02-29,17:04:20.045182,30,19.6356,43.3191,1
1354,2004-02-29,17:07:20.232174,30,19.6062,43.2858,1
1355,2004-02-29,17:08:19.960793,30,19.5964,43.1525,1
1356,2004-02-29,17:08:50.521799,30,19.5964,43.0524,1
1357,2004-02-29,17:09:25.948533,30,19.5768,43.0524,1
1358,2004-02-29,17:10:19.9185,30,19.567,43.019,1
1359,2004-02-29,17:10:50.642317,30,19.567,42.9189,1
1360,2004-02-29,17:11:56.338186,30,19.5278,43.0858,1
1361,2004-02-29,17:12:50.270237,30,19.518,43.1191,1
1362,2004-02-29,17:13:51.516791,30,19.518,43.2858,1
1363,2004-02-29,17:14:20.317533,30,53.45102131371003,97.63843730751441,-1
1364,2004-02-29,17:14:56.864446,30,19.5082,43.2525,1
1365,2004-02-29,17:15:20.281744,30,19.518,43.3858,1
1366,2004-02-29,17:17:20.506279,30,19.518,43.7851,1
1367,2004-02-29,17:18:50.429892,30,19.4984,43.3525,1
1368,2004-02-29,17:19:20.208467,30,54.90548790012157,91.65599929681147,-1
1369,2004-02-29,17:19:50.118867,30,19.4788,43.5855,1
1370,2004-02-29,17:20:49.979989,30,19.4886,43.918,1
1371,2004-02-29,17:23:20.606961,30,19.4788,43.4524,1
1372,2004-02-29,17:24:50.837217,30,19.42,43.7851,1
1373,2004-02-29,17:26:19.797715,30,19.42,44.1504,1
1374,2004-02-29,17:26:59.579107,30,19.42,44.084,1
1375,2004-02-29,17:28:20.804517,30,19.4396,43.7186,1
1376,2004-02-29,17:30:56.867167,30,19.4102,43.4524,1
1377,2004-02-29,17:31:50.23008,30,19.3906,43.5522,1
1378,2004-02-29,17:32:19.782346,30,19.3808,43.5522,1
1379,2004-02-29,17:32:50.628935,30,19.3808,43.6521,1
1380,2004-02-29,17:33:20.594471,30,19.371,43.519,1
1381,2004-02-29,17:33:58.866676,30,19.3514,43.3858,1
1382,2004-02-29,17:34:20.755831,30,19.3514,43.3858,1
1383,2004-02-29,17:34:50.044027,30,19.3612,43.4524,1
1384,2004-02-29,17:35:20.694746,30,19.3514,43.4524,1
1385,2004-02-29,17:36:19.988692,30,56.954643612014486,92.70029096040528,-1
1386,2004-02-29,17:37:19.890538,30,19.2632,43.5855,1
1387,2004-02-29,17:37:50.50576,30,19.2534,43.7518,1
1388,2004-02-29,17:38:19.893549,30,19.2632,43.6853,1
1389,2004-02-29,17:39:19.81723,30,19.2534,43.6521,1
1390,2004-02-29,17:39:50.41711,30,19.2436,43.6521,1
1391,2004-02-29,17:40:50.521889,30,68.8378711939601,99.43084666348835,-1
1392,2004-02-29,17:41:50.479883,30,19.1946,43.6521,1
1393,2004-02-29,17:43:29.874786,30,19.1848,43.7851,1
1394,2004-02-29,17:49:20.697101,30,19.1652,43.6853,1
1395,2004-02-29,17:50:59.753758,30,19.175,44.3494,1
1396,2004-02-29,17:51:20.439343,30,19.1848,43.9844,1
1397,2004-02-29,17:52:33.295811,30,19.175,43.7518,1
1398,2004-02-29,17:52:57.792365,30,19.1554,44.1172,1
1399,2004-02-29,17:56:20.482408,30,46.18119284476511,102.73682080030584,-1
1400,2004-02-29,18:05:27.670677,30,18.93,44.0176,1
1401,2004-02-29,18:07:19.916727,30,18.8516,44.1836,1
1402,2004-02-29,18:08:20.67882,30,18.832,44.1172,1
1403,2004-02-29,18:15:20.482276,30,18.7438,44.3162,1
1404,2004-02-29,18:18:19.969768,30,18.6948,44.4488,1
1405,2004-02-29,18:21:20.749492,30,18.6556,44.5151,1
1406,2004-02-29,18:22:20.486341,30,18.6556,44.4488,1
1407,2004-02-29,18:22:59.946772,30,18.6458,44.4488,1
1408,2004-02-29,18:26:50.468542,30,18.587,44.5813,1
1409,2004-02-29,18:29:50.122524,30,18.538,44.6144,1
1410,2004-02-29,18:30:20.105348,30,18.5282,44.6475,1
1411,2004-02-29,18:32:20.105224,30,18.4988,44.7798,1
1412,2004-02-29,18:34:49.86819,30,18.4792,44.7798,1
1413,2004-02-29,18:36:50.645306,30,18.4596,44.7798,1
1414,2004-02-29,18:37:50.127815,30,18.4596,44.846,1
1415,2004-02-29,18:38:50.135383,30,18.4596,44.7798,1
1416,2004-02-29,18:39:20.405551,30,18.4498,44.8129,1
1417,2004-02-29,18:39:58.643225,30,18.4596,44.8129,1
1418,2004-02-29,18:41:20.115997,30,18.4596,44.8129,1
1419,2004-02-29,18:42:20.552326,30,18.44,44.846,1
1420,2004-02-29,18:43:50.737651,30,18.44,44.7798,1
1421,2004-02-29,18:45:50.445179,30,18.4694,44.846,1
1422,2004-02-29,18:46:50.002325,30,18.4694,44.846,1
1423,2004-02-29,18:48:20.674,30,18.44,44.846,1
1424,2004-02-29,18:48:50.081399,30,18.4498,44.846,1
1425,2004-02-29,18:49:22.122065,30,18.44,44.9121,1
1426,2004-02-29,18:49:50.395099,30,18.44,44.9121,1
1427,2004-02-29,18:52:20.18507,30,18.4302,44.879,1
1428,2004-02-29,18:53:20.488364,30,18.4204,44.9121,1
1429,2004-02-29,18:53:50.665462,30,18.4302,44.9782,1
1430,2004-02-29,18:58:50.456782,30,18.3714,44.7137,1
1431,2004-02-29,19:01:20.610924,30,18.3126,45.3743,1
1432,2004-02-29,19:02:27.206623,30,18.342,45.5391,1
1433,2004-02-29,19:02:50.123285,30,18.3616,45.8682,1
1434,2004-02-29,19:03:20.166884,30,18.4008,45.2753,1
1435,2004-02-29,19:03:50.508793,30,18.391,45.3413,1
1436,2004-02-29,19:04:20.448559,30,18.4008,45.5061,1
1437,2004-02-29,19:04:50.862172,30,18.3812,45.0773,1
1438,2004-02-29,19:05:20.653511,30,18.3812,45.3743,1
1439,2004-02-29,19:05:52.868324,30,18.3812,45.2753,1
1440,2004-02-29,19:06:19.998597,30,18.3812,45.2753,1
1441,2004-02-29,19:08:20.658364,30,18.342,45.3743,1
1442,2004-02-29,19:08:50.793427,30,18.342,45.2423,1
1443,2004-02-29,19:09:20.071579,30,18.342,45.1763,1
1444,2004-02-29,19:09:50.800611,30,18.342,45.3083,1
1445,2004-02-29,19:10:20.304338,30,18.342,45.1763,1
1446,2004-02-29,19:10:50.763705,30,18.3518,45.1763,1
1447,2004-02-29,19:11:20.283488,30,18.3518,45.1763,1
1448,2004-02-29,19:11:50.402521,30,18.342,45.1763,1
1449,2004-02-29,19:12:20.865299,30,18.342,45.1103,1
1450,2004-02-29,19:13:50.818331,30,18.3224,45.2093,1
1451,2004-02-29,19:14:51.077186,30,61.24429978151693,120.49308943955265,-1
1452,2004-02-29,19:15:20.109348,30,18.3126,45.1103,1
1453,2004-02-29,19:16:20.914682,30,18.3028,45.1763,1
1454,2004-02-29,19:17:50.188733,30,18.2832,45.2423,1
1455,2004-02-29,19:18:50.336209,30,18.2832,45.1763,1
1456,2004-02-29,19:19:20.654832,30,18.2832,45.1433,1
1457,2004-02-29,19:19:50.381149,30,45.63237014479468,96.89104070682825,-1
1458,2004-02-29,19:20:20.044644,30,18.2832,45.2423,1
1459,2004-02-29,19:21:20.055964,30,18.2832,45.1763,1
1460,2004-02-29,19:21:50.310949,30,18.2734,45.1763,1
1461,2004-02-29,19:22:20.155107,30,18.2734,45.2423,1
1462,2004-02-29,19:23:20.889572,30,18.2734,45.1763,1
1463,2004-02-29,19:24:20.204248,30,18.2538,45.1763,1
1464,2004-02-29,19:25:20.655761,30,18.2636,45.1763,1
1465,2004-02-29,19:26:20.126931,30,18.2636,45.2093,1
1466,2004-02-29,19:28:50.977542,30,18.2636,45.1433,1
1467,2004-02-29,19:29:50.866654,30,18.2636,45.2423,1
1468,2004-02-29,19:31:27.276908,30,18.244,45.3413,1
1469,2004-02-29,19:31:50.589548,30,18.244,45.3413,1
1470,2004-02-29,19:32:20.857537,30,18.244,45.5061,1
1471,2004-02-29,19:32:50.902767,30,18.2636,45.4402,1
1472,2004-02-29,19:33:20.135549,30,18.244,45.2753,1
1473,2004-02-29,19:33:50.10715,30,18.244,45.2753,1
1474,2004-02-29,19:34:21.025343,30,18.2342,45.3083,1
1475,2004-02-29,19:35:50.896817,30,73.62273958198665,100.59049731124131,-1
1476,2004-02-29,19:36:20.049536,30,18.2146,45.3743,1
1477,2004-02-29,19:36:50.461595,30,18.2244,45.3413,1
1478,2004-02-29,19:37:50.704143,30,18.2342,45.3083,1
1479,2004-02-29,19:38:20.531444,30,18.244,45.3743,1
1480,2004-02-29,19:39:20.888475,30,18.244,45.4072,1
1481,2004-02-29,19:41:21.056874,30,59.39260213126515,105.44203576725823,-1
1482,2004-02-29,19:41:50.317875,30,18.2538,45.2093,1
1483,2004-02-29,19:42:50.1731,30,18.2538,45.0442,1
1484,2004-02-29,19:43:20.693883,30,18.2636,45.2093,1
1485,2004-02-29,19:46:50.747804,30,18.244,45.572,1
1486,2004-02-29,19:47:21.083586,30,18.244,45.3083,1
1487,2004-02-29,19:51:20.136351,30,18.2538,45.4402,1
1488,2004-02-29,19:53:49.975625,30,18.2244,45.2093,1
1489,2004-02-29,19:54:19.978347,30,66.61092777198897,104.33082891622513,-1
1490,2004-02-29,19:54:50.406929,30,18.1852,45.3083,1
1491,2004-02-29,19:55:20.12565,30,18.1656,45.2753,1
1492,2004-02-29,19:55:50.544262,30,18.146,45.3083,1
1493,2004-02-29,19:56:50.539887,30,18.1166,45.3083,1
1494,2004-02-29,19:57:20.739778,30,18.1166,45.3083,1
1495,2004-02-29,19:57:50.825203,30,18.1166,45.3413,1
1496,2004-02-29,19:58:20.766736,30,18.1166,45.3083,1
1497,2004-02-29,20:02:20.675426,30,18.0872,45.3083,1
1498,2004-02-29,20:03:20.27231,30,18.1068,45.3083,1
1499,2004-02-29,20:03:50.883073,30,18.097,45.2753,1
1500,2004-02-29,20:04:20.599019,30,18.097,45.2753,1
1501,2004-02-29,20:04:50.981881,30,18.0872,45.2423,1
1502,2004-02-29,20:05:21.866852,30,53.65535477201569,102.12635754449674,-1
1503,2004-02-29,20:06:20.409995,30,18.097,45.2423,1
1504,2004-02-29,20:07:20.889057,30,18.0676,45.3083,1
1505,2004-02-29,20:08:20.994976,30,18.0578,45.3743,1
1506,2004-02-29,20:08:50.263589,30,18.0676,45.3743,1
1507,2004-02-29,20:09:20.174102,30,18.0578,45.4072,1
1508,2004-02-29,20:10:50.197973,30,18.048,45.3743,1
1509,2004-02-29,20:11:50.077117,30,18.0382,45.4402,1
1510,2004-02-29,20:13:20.047244,30,18.0676,45.3743,1
1511,2004-02-29,20:14:58.113501,30,18.0088,45.4732,1
1512,2004-02-29,20:19:32.35288,30,50.220196744809236,105.91962974509104,-1
1513,2004-02-29,20:20:20.07098,30,17.9892,45.5391,1
1514,2004-02-29,20:21:57.88812,30,17.9696,45.572,1
1515,2004-02-29,20:22:50.410646,30,17.9696,45.572,1
1516,2004-02-29,20:23:20.890769,30,17.95,45.572,1
1517,2004-02-29,20:23:50.891957,30,17.9696,45.572,1
1518,2004-02-29,20:25:53.855961,30,17.9108,45.6708,1
1519,2004-02-29,20:26:26.967043,30,17.9206,45.6049,1
1520,2004-02-29,20:27:00.791992,30,17.9304,45.572,1
1521,2004-02-29,20:27:50.632008,30,17.9108,45.6049,1
1522,2004-02-29,20:28:20.534784,30,17.9108,45.6379,1
1523,2004-02-29,20:30:50.422478,30,17.8912,45.7366,1
1524,2004-02-29,20:31:20.572225,30,17.8912,45.7037,1
1525,2004-02-29,20:31:54.651228,30,48.75749799370827,103.03451768866955,-1
1526,2004-02-29,20:32:50.839578,30,17.8814,45.7695,1
1527,2004-02-29,20:34:20.193129,30,17.8716,45.7037,1
1528,2004-02-29,20:34:50.942535,30,17.8814,45.7366,1
1529,2004-02-29,20:35:49.990432,30,17.8716,45.7695,1
1530,2004-02-29,20:36:20.968832,30,17.8814,45.7695,1
1531,2004-02-29,20:36:50.392131,30,17.8912,45.7366,1
1532,2004-02-29,20:37:50.999632,30,17.8716,45.7695,1
1533,2004-02-29,20:38:23.861862,30,17.8814,45.7366,1
1534,2004-02-29,20:38:50.232634,30,17.8814,45.7695,1
1535,2004-02-29,20:42:51.85607,30,17.8716,45.7695,1
1536,2004-02-29,20:44:20.996767,30,17.852,45.8353,1
1537,2004-02-29,20:44:51.359142,30,17.852,45.8353,1
1538,2004-02-29,20:45:20.023436,30,17.852,45.8353,1
1539,2004-02-29,20:46:20.992881,30,17.8716,45.8024,1
1540,2004-02-29,20:46:50.858491,30,17.852,45.8353,1
1541,2004-02-29,20:47:20.716505,30,17.852,45.8353,1
1542,2004-02-29,20:47:57.671155,30,17.852,45.8024,1
1543,2004-02-29,20:49:24.014123,30,17.8618,45.7695,1
1544,2004-02-29,20:49:50.483307,30,57.705894557195734,123.60755307864622,-1
1545,2004-02-29,20:51:50.348995,30,17.852,45.8353,1
1546,2004-02-29,20:52:50.983974,30,44.1469422300127,112.32113952868359,-1
1547,2004-02-29,20:53:20.826693,30,17.8324,45.934,1
1548,2004-02-29,20:53:50.834421,30,17.8128,45.934,1
1549,2004-02-29,20:54:21.953765,30,17.8128,45.934,1
1550,2004-02-29,20:55:20.738429,30,17.8128,45.9997,1
1551,2004-02-29,20:55:50.76415,30,17.8128,45.9669,1
1552,2004-02-29,20:56:50.289388,30,17.8128,46.0326,1
1553,2004-02-29,20:57:20.577712,30,17.803,46.0655,1
1554,2004-02-29,20:57:51.049763,30,17.7932,46.0655,1
1555,2004-02-29,20:58:20.759382,30,17.7932,46.0655,1
1556,2004-02-29,20:58:59.733784,30,17.7932,46.0655,1
1557,2004-02-29,20:59:20.801767,30,17.7834,46.0655,1
1558,2004-02-29,20:59:55.689251,30,17.7932,46.0655,1
1559,2004-02-29,21:00:20.067591,30,17.7834,46.0655,1
1560,2004-02-29,21:00:50.541641,30,17.7932,46.0655,1
1561,2004-02-29,21:01:50.6789,30,17.8128,46.0326,1
1562,2004-02-29,21:02:20.396201,30,17.8128,46.0655,1
1563,2004-02-29,21:02:54.094459,30,17.8128,46.0326,1
1564,2004-02-29,21:03:21.033401,30,71.7290129840118,104.49640834128564,-1
1565,2004-02-29,21:03:50.426671,30,17.8128,45.9997,1
1566,2004-02-29,21:05:50.538025,30,17.8128,46.0326,1
1567,2004-02-29,21:06:20.216267,30,17.8128,46.0326,1
1568,2004-02-29,21:07:50.085331,30,17.8128,46.0655,1
1569,2004-02-29,21:08:50.819923,30,17.803,46.0655,1
1570,2004-02-29,21:09:51.039784,30,17.8128,46.0655,1
1571,2004-02-29,21:11:50.853183,30,17.8128,46.0326,1
1572,2004-02-29,21:13:20.71564,30,17.8128,46.0326,1
1573,2004-02-29,21:14:51.298735,30,17.8128,45.9997,1
1574,2004-02-29,21:15:26.927683,30,17.7932,46.0326,1
1575,2004-02-29,21:15:50.200452,30,17.803,46.0655,1
1576,2004-02-29,21:16:20.953014,30,17.8128,46.0655,1
1577,2004-02-29,21:16:50.320485,30,17.803,46.0655,1
1578,2004-02-29,21:17:23.714287,30,17.8128,46.0655,1
1579,2004-02-29,21:17:51.115568,30,17.7932,46.0655,1
1580,2004-02-29,21:19:20.349805,30,17.7932,46.0655,1
1581,2004-02-29,21:19:58.978651,30,17.7932,46.0655,1
1582,2004-02-29,21:21:50.60589,30,17.7736,46.0655,1
1583,2004-02-29,21:23:20.815845,30,17.7736,46.0655,1
1584,2004-02-29,21:23:50.988234,30,17.7736,46.0655,1
1585,2004-02-29,21:24:20.754548,30,17.7736,46.0655,1
1586,2004-02-29,21:24:50.828901,30,17.7834,46.0655,1
1587,2004-02-29,21:25:20.607412,30,17.7736,46.0655,1
1588,2004-02-29,21:26:50.176248,30,17.7736,46.0655,1
1589,2004-02-29,21:27:20.251955,30,17.7834,46.0655,1
1590,2004-02-29,21:27:50.388821,30,17.7834,46.0655,1
1591,2004-02-29,21:28:20.897208,30,17.803,46.0326,1
1592,2004-02-29,21:29:51.141686,30,17.8128,46.0655,1
1593,2004-02-29,21:32:20.394286,30,17.7932,46.0655,1
1594,2004-02-29,21:33:20.930911,30,17.7932,46.0655,1
1595,2004-02-29,21:33:50.350723,30,17.7932,46.0655,1
1596,2004-02-29,21:34:20.927148,30,17.7932,46.0655,1
1597,2004-02-29,21:34:50.66859,30,17.7932,46.0655,1
1598,2004-02-29,21:35:20.502082,30,17.7932,46.0655,1
1599,2004-02-29,21:35:50.26593,30,17.8128,46.0655,1
1600,2004-02-29,21:36:25.747528,30,17.7932,46.0326,1
1601,2004-02-29,21:37:20.941963,30,17.803,46.0655,1
1602,2004-02-29,21:37:50.839846,30,17.8226,45.934,1
1603,2004-02-29,21:39:20.588226,30,17.7932,46.0326,1
1604,2004-02-29,21:39:50.378257,30,17.7932,46.0655,1
1605,2004-02-29,21:41:20.973252,30,17.7932,46.0655,1
1606,2004-02-29,21:44:21.068357,30,17.7834,46.0655,1
1607,2004-02-29,21:45:29.366755,30,17.7834,46.0655,1
1608,2004-02-29,21:47:20.712984,30,17.803,46.0655,1
1609,2004-02-29,21:47:50.958919,30,17.7932,46.0655,1
1610,2004-02-29,21:48:51.005165,30,54.73222380852905,115.15032681469431,-1
1611,2004-02-29,21:49:55.461823,30,17.7932,46.0655,1
1612,2004-02-29,21:50:20.99528,30,17.7932,46.0655,1
1613,2004-02-29,21:51:50.753963,30,57.04792739991236,111.16672301864621,-1
1614,2004-02-29,21:52:50.694247,30,17.7932,46.0655,1
1615,2004-02-29,21:53:21.010908,30,17.7932,46.0655,1
1616,2004-02-29,21:53:50.695178,30,17.7834,46.0655,1
1617,2004-02-29,21:54:22.307335,30,17.7932,46.0655,1
1618,2004-02-29,21:55:25.901424,30,17.7638,46.0655,1
1619,2004-02-29,21:56:20.784294,30,17.7932,45.9669,1
1620,2004-02-29,21:57:50.728911,30,17.7932,46.0326,1
1621,2004-02-29,21:58:21.001047,30,17.7932,46.0655,1
1622,2004-02-29,22:00:53.690377,30,17.754,46.0655,1
1623,2004-02-29,22:01:50.31793,30,17.7246,46.0655,1
1624,2004-02-29,22:03:51.207143,30,17.705,46.1312,1
1625,2004-02-29,22:04:50.8762,30,55.8926273797656,96.6861469978769,-1
1626,2004-02-29,22:06:59.679153,30,17.6756,46.1968,1
1627,2004-02-29,22:07:50.746861,30,17.6854,46.164,1
1628,2004-02-29,22:08:20.440305,30,17.6756,46.164,1
1629,2004-02-29,22:08:50.924945,30,17.6756,46.1968,1
1630,2004-02-29,22:09:50.899797,30,17.6658,46.2297,1
1631,2004-02-29,22:10:50.750481,30,17.6462,46.2953,1
1632,2004-02-29,22:11:50.427486,30,17.6364,46.2953,1
1633,2004-02-29,22:12:51.191292,30,17.6462,46.2953,1
1634,2004-02-29,22:13:20.628877,30,17.6364,46.2953,1
1635,2004-02-29,22:13:50.917744,30,17.656,46.164,1
1636,2004-02-29,22:14:20.397978,30,17.6462,46.1968,1
1637,2004-02-29,22:15:21.181276,30,17.6462,46.2297,1
1638,2004-02-29,22:16:20.422099,30,17.6462,46.2297,1
1639,2004-02-29,22:16:50.632673,30,17.6364,46.2625,1
1640,2004-02-29,22:17:20.835679,30,17.6364,46.2953,1
1641,2004-02-29,22:17:50.827742,30,17.6364,46.4265,1
1642,2004-02-29,22:18:20.770402,30,17.6168,46.4265,1
1643,2004-02-29,22:18:50.185884,30,17.5776,46.4265,1
1644,2004-02-29,22:20:21.008567,30,17.5874,46.4593,1
1645,2004-02-29,22:20:50.384121,30,17.5972,46.4265,1
1646,2004-02-29,22:21:20.393427,30,17.607,46.3937,1
1647,2004-02-29,22:22:20.200088,30,17.6364,46.3281,1
1648,2004-02-29,22:22:50.711912,30,17.6364,46.2953,1
1649,2004-02-29,22:23:20.813949,30,17.6168,46.3609,1
1650,2004-02-29,22:24:21.218045,30,17.5874,46.3937,1
1651,2004-02-29,22:26:21.034817,30,17.5972,46.3609,1
1652,2004-02-29,22:27:50.823789,30,17.558,46.4593,1
1653,2004-02-29,22:29:51.225785,30,17.5776,46.4593,1
1654,2004-02-29,22:30:20.66359,30,17.5776,46.4265,1
1655,2004-02-29,22:30:50.807627,30,17.5678,46.4265,1
1656,2004-02-29,22:31:20.317016,30,17.558,46.4265,1
1657,2004-02-29,22:32:21.011556,30,17.5482,46.4921,1
1658,2004-02-29,22:32:51.178876,30,17.5482,46.4921,1
1659,2004-02-29,22:35:21.145101,30,17.5188,46.5905,1
1660,2004-02-29,22:36:24.958936,30,17.5188,46.5905,1
1661,2004-02-29,22:36:50.987495,30,17.5286,46.5905,1
1662,2004-02-29,22:38:34.491467,30,65.1516695069395,113.8692872845989,-1
1663,2004-02-29,22:39:21.118583,30,17.558,46.4921,1
1664,2004-02-29,22:39:50.667949,30,17.5678,46.4921,1
1665,2004-02-29,22:40:50.609573,30,17.558,46.5249,1
1666,2004-02-29,22:41:21.064536,30,17.5482,46.5577,1
1667,2004-02-29,22:42:20.34564,30,17.5188,46.4921,1
1668,2004-02-29,22:42:51.064249,30,55.053029098019095,100.23352899620556,-1
1669,2004-02-29,22:43:21.165301,30,17.509,46.4921,1
1670,2004-02-29,22:43:50.392792,30,17.4894,46.5249,1
1671,2004-02-29,22:44:21.149203,30,17.4796,46.6232,1
1672,2004-02-29,22:44:53.155385,30,17.4796,46.65600000000001,1
1673,2004-02-29,22:45:20.987988,30,17.4796,46.6232,1
1674,2004-02-29,22:46:21.065462,30,59.038004929285584,119.44665981083229,-1
1675,2004-02-29,22:47:20.799974,30,17.4698,46.65600000000001,1
1676,2004-02-29,22:48:21.204059,30,17.4796,46.7215,1
1677,2004-02-29,22:50:51.25504,30,17.46,46.7869,1
1678,2004-02-29,22:51:20.464095,30,49.683718237450805,107.41493070242856,-1
1679,2004-02-29,22:52:51.039649,30,17.46,46.7215,1
1680,2004-02-29,22:54:50.476278,30,17.46,46.7542,1
1681,2004-02-29,22:55:50.819055,30,17.4796,46.7215,1
1682,2004-02-29,22:56:20.565889,30,17.4796,46.7215,1
1683,2004-02-29,22:56:51.300941,30,17.4796,46.6887,1
1684,2004-02-29,22:57:28.422139,30,17.4796,46.6887,1
1685,2004-02-29,22:57:51.166332,30,17.4992,46.6887,1
1686,2004-02-29,22:58:20.657317,30,17.4894,46.65600000000001,1
1687,2004-02-29,22:59:20.475825,30,64.13394092214048,104.41826093508973,-1
1688,2004-02-29,22:59:51.186598,30,17.4894,46.6232,1
1689,2004-02-29,23:00:21.262526,30,17.4796,46.6887,1
1690,2004-02-29,23:00:56.153834,30,17.4796,46.5905,1
1691,2004-02-29,23:01:20.513885,30,17.4796,46.5577,1
1692,2004-02-29,23:03:56.278067,30,17.4404,46.7542,1
1693,2004-02-29,23:05:20.845276,30,17.4208,46.6887,1
1694,2004-02-29,23:05:51.002983,30,17.410999999999998,46.7869,1
1695,2004-02-29,23:06:20.793564,30,17.4208,46.7542,1
1696,2004-02-29,23:06:50.948434,30,17.4208,46.7215,1
1697,2004-02-29,23:08:51.194021,30,17.4306,46.7542,1
1698,2004-02-29,23:09:21.205793,30,17.4208,46.7542,1
1699,2004-02-29,23:10:20.468733,30,17.4208,46.8197,1
1700,2004-02-29,23:12:50.990091,30,66.07997866092278,118.6821138369854,-1
1701,2004-02-29,23:13:20.77471,30,17.3816,46.9178,1
1702,2004-02-29,23:14:20.36103,30,17.4012,46.8851,1
1703,2004-02-29,23:15:21.10204,30,17.410999999999998,46.8851,1
1704,2004-02-29,23:15:51.263591,30,17.410999999999998,46.8524,1
1705,2004-02-29,23:16:50.897979,30,61.96657208264568,100.4537782374828,-1
1706,2004-02-29,23:17:20.941413,30,17.4012,46.8524,1
1707,2004-02-29,23:18:35.046344,30,17.410999999999998,46.7869,1
1708,2004-02-29,23:20:20.71193,30,17.3816,46.9178,1
1709,2004-02-29,23:21:34.788802,30,17.3718,46.9505,1
1710,2004-02-29,23:23:51.502644,30,17.362000000000002,46.9832,1
1711,2004-02-29,23:24:21.182943,30,17.3424,46.9505,1
1712,2004-02-29,23:28:51.271117,30,17.3718,46.9178,1
1713,2004-02-29,23:34:20.433298,30,17.3718,46.9832,1
1714,2004-02-29,23:34:50.314917,30,17.362000000000002,47.0159,1
1715,2004-02-29,23:39:21.110894,30,17.3032,47.1467,1
1716,2004-02-29,23:39:51.070331,30,17.313,47.0486,1
1717,2004-02-29,23:40:50.712781,30,17.313,47.114,1
1718,2004-02-29,23:41:21.076271,30,17.313,47.1467,1
1719,2004-02-29,23:43:28.612832,30,17.3032,47.212,1
1720,2004-02-29,23:44:03.184879,30,17.3032,47.1467,1
1721,2004-02-29,23:47:50.380079,30,17.3424,47.212,1
1722,2004-02-29,23:49:20.652766,30,17.362000000000002,47.0813,1
1723,2004-02-29,23:49:50.6541,30,17.362000000000002,47.0813,1
1724,2004-02-29,23:51:21.244398,30,17.3522,47.114,1
1725,2004-02-29,23:51:50.353046,30,17.3424,47.114,1
1726,2004-02-29,23:53:20.798045,30,63.014331606743724,111.83397664468222,-1
1727,2004-02-29,23:54:22.653434,30,17.2836,47.5383,1
1728,2004-02-29,23:55:20.465289,30,17.2836,47.3426,1
1729,2004-02-29,23:55:51.196062,30,17.2836,47.3426,1
1730,2004-02-29,23:56:20.812835,30,17.2836,47.3426,1
1731,2004-02-29,23:57:20.822606,30,17.2738,47.3426,1
1732,2004-02-29,23:57:50.449963,30,17.2934,47.4079,1
1733,2004-02-29,23:58:50.489488,30,17.2836,47.3426,1
1734,2004-02-29,23:59:21.400209,30,17.2836,47.2773,1
