1,2004-02-28,00:59:46.120334,12,17.803,41.7805,1
2,2004-02-28,01:05:46.106724,12,17.1856,43.4524,1
3,2004-02-28,01:08:16.379898,12,17.117,43.7851,1
4,2004-02-28,01:18:16.57556,12,17.0484,43.8515,1
5,2004-02-28,01:20:46.279898,12,17.0484,43.8848,1
6,2004-02-28,01:23:46.922837,12,17.0484,43.8515,1
7,2004-02-28,01:25:16.16666,12,17.019000000000002,43.8515,1
8,2004-02-28,01:28:46.625431,12,16.921,44.0508,1
9,2004-02-28,01:30:46.820096,12,16.872,44.2831,1
10,2004-02-28,01:36:16.1561,12,16.6368,44.846,1
11,2004-02-28,01:36:46.110543,12,16.6074,44.9121,1
12,2004-02-28,01:37:16.394982,12,16.578,44.879,1
13,2004-02-28,01:39:46.763943,12,16.4506,45.1763,1
14,2004-02-28,01:41:16.951755,12,16.4114,45.3743,1
15,2004-02-28,01:41:46.309485,12,16.382,45.3413,1
16,2004-02-28,01:42:46.933916,12,16.3624,45.5061,1
17,2004-02-28,01:43:46.107101,12,16.3134,45.4402,1
18,2004-02-28,01:45:46.103169,12,16.2742,45.572,1
19,2004-02-28,01:47:46.269735,12,16.2154,45.7366,1
20,2004-02-28,01:49:16.032318,12,16.1664,45.8682,1
21,2004-02-28,01:50:16.836425,12,75.45853215975814,102.73958301390492,-1
22,2004-02-28,01:50:46.971083,12,16.1566,46.0655,1
23,2004-02-28,01:52:17.162496,12,16.1468,46.0326,1
24,2004-02-28,01:52:46.762775,12,16.1664,45.9997,1
25,2004-02-28,01:53:16.053006,12,16.1566,46.0655,1
26,2004-02-28,01:54:15.911078,12,16.1272,46.0655,1
27,2004-02-28,01:55:16.043517,12,16.1174,46.164,1
28,2004-02-28,01:55:46.999374,12,16.088,46.0655,1
29,2004-02-28,01:56:16.20771,12,16.088,46.0655,1
30,2004-02-28,01:56:45.924963,12,16.0684,46.0983,1
31,2004-02-28,01:58:16.796976,12,16.0488,46.2297,1
32,2004-02-28,01:58:46.866075,12,16.0586,46.1968,1
33,2004-02-28,01:59:47.06488,12,16.0684,46.0655,1
34,2004-02-28,02:00:16.062424,12,16.0782,46.0655,1
35,2004-02-28,02:00:45.938956,12,16.0782,46.0655,1
36,2004-02-28,02:01:16.704628,12,16.1076,46.0655,1
37,2004-02-28,02:01:46.860814,12,16.1272,45.9669,1
38,2004-02-28,02:02:16.098367,12,16.1468,45.8682,1
39,2004-02-28,02:03:46.356706,12,16.2154,45.7037,1
40,2004-02-28,02:04:46.251322,12,16.2448,45.572,1
41,2004-02-28,02:05:46.832166,12,16.2742,45.3743,1
42,2004-02-28,02:06:16.366423,12,16.3134,45.4402,1
43,2004-02-28,02:06:46.343565,12,16.3134,45.3413,1
44,2004-02-28,02:08:16.982328,12,16.3722,45.2093,1
45,2004-02-28,02:10:16.843512,12,16.4212,45.0773,1
46,2004-02-28,02:10:46.262612,12,16.4408,45.0442,1
47,2004-02-28,02:13:17.168449,12,16.4996,44.9121,1
48,2004-02-28,02:13:46.905926,12,16.4996,44.9121,1
49,2004-02-28,02:14:16.514919,12,16.5094,44.9121,1
50,2004-02-28,02:17:46.041133,12,16.529,44.846,1
51,2004-02-28,02:18:16.746424,12,16.5388,44.7798,1
52,2004-02-28,02:21:16.249188,12,16.5388,44.7137,1
53,2004-02-28,02:23:17.068733,12,16.5682,44.6475,1
54,2004-02-28,02:23:46.733664,12,16.5682,44.5482,1
55,2004-02-28,02:25:16.643406,12,16.578,44.6475,1
56,2004-02-28,02:26:16.7935,12,16.578,44.5813,1
57,2004-02-28,02:26:46.486259,12,16.578,44.5482,1
58,2004-02-28,02:27:46.656357,12,16.5584,44.6144,1
59,2004-02-28,02:29:47.057318,12,16.5192,44.7137,1
60,2004-02-28,02:30:16.77554,12,16.4898,44.6806,1
61,2004-02-28,02:30:46.696042,12,16.4898,44.7137,1
62,2004-02-28,02:31:17.059157,12,16.4702,44.7798,1
63,2004-02-28,02:31:46.189193,12,16.4702,44.8129,1
64,2004-02-28,02:33:16.413898,12,16.4212,44.879,1
65,2004-02-28,02:33:46.313917,12,16.3918,44.9782,1
66,2004-02-28,02:35:46.876423,12,16.3036,45.1763,1
67,2004-02-28,02:36:46.308617,12,16.2252,45.3413,1
68,2004-02-28,02:38:16.428975,12,16.137,45.5061,1
69,2004-02-28,02:39:16.715899,12,16.1076,45.572,1
70,2004-02-28,02:42:16.18064,12,15.9802,45.934,1
71,2004-02-28,02:42:46.97463,12,15.9704,45.9669,1
72,2004-02-28,02:43:46.569031,12,15.9508,46.0655,1
73,2004-02-28,02:44:17.065472,12,15.9312,46.0326,1
74,2004-02-28,02:47:16.866718,12,15.8332,46.0655,1
75,2004-02-28,02:49:16.556001,12,15.7744,46.2297,1
76,2004-02-28,02:52:46.750873,12,15.6666,46.6232,1
77,2004-02-28,02:53:16.631884,12,15.6568,46.6232,1
78,2004-02-28,02:54:16.591829,12,15.6372,46.7542,1
79,2004-02-28,02:54:46.414765,12,15.6176,46.7215,1
80,2004-02-28,02:55:16.729174,12,15.6176,46.7542,1
81,2004-02-28,02:56:16.905919,12,15.6176,46.7542,1
82,2004-02-28,02:59:16.226914,12,15.5784,46.8851,1
83,2004-02-28,03:00:17.285502,12,15.5686,46.8524,1
84,2004-02-28,03:00:46.326562,12,15.5784,46.8524,1
85,2004-02-28,03:01:16.414937,12,15.5686,46.8197,1
86,2004-02-28,03:02:46.482821,12,15.5784,46.8197,1
87,2004-02-28,03:03:46.779447,12,15.598,46.7869,1
88,2004-02-28,03:04:16.816289,12,15.5686,46.7215,1
89,2004-02-28,03:07:16.18798,12,15.5,46.9832,1
90,2004-02-28,03:08:46.026766,12,15.4902,46.9832,1
91,2004-02-28,03:09:46.790783,12,15.4706,47.0486,1
92,2004-02-28,03:11:17.081541,12,15.4706,47.0813,1
93,2004-02-28,03:12:46.789963,12,15.4804,47.0813,1
94,2004-02-28,03:13:16.73288,12,15.4706,47.0813,1
95,2004-02-28,03:13:47.040846,12,15.4608,47.1467,1
96,2004-02-28,03:16:17.126836,12,15.4314,47.0813,1
97,2004-02-28,03:16:46.382759,12,15.4216,47.1467,1
98,2004-02-28,03:17:16.565186,12,15.4216,47.1793,1
99,2004-02-28,03:17:46.430527,12,15.4314,47.1793,1
100,2004-02-28,03:18:16.263774,12,48.97747989282239,97.39396097739365,-1
101,2004-02-28,03:19:46.829346,12,15.3824,47.114,1
102,2004-02-28,03:21:16.972944,12,15.3726,47.212,1
103,2004-02-28,03:24:16.433003,12,15.3922,47.0813,1
104,2004-02-28,03:24:46.241765,12,15.3824,47.0813,1
105,2004-02-28,03:25:16.62505,12,15.3628,47.1467,1
106,2004-02-28,03:25:46.403314,12,15.353,47.1467,1
107,2004-02-28,03:26:17.107348,12,15.3334,47.1793,1
108,2004-02-28,03:27:16.712704,12,15.3334,47.212,1
109,2004-02-28,03:29:46.376591,12,15.3138,47.2773,1
110,2004-02-28,03:30:17.108577,12,15.3138,47.2773,1
111,2004-02-28,03:30:47.108026,12,15.3236,47.2447,1
112,2004-02-28,03:32:46.366133,12,15.2942,47.2773,1
113,2004-02-28,03:34:16.09683,12,15.2942,47.3752,1
114,2004-02-28,03:35:17.031905,12,15.2746,47.3426,1
115,2004-02-28,03:36:17.021044,12,15.2452,47.4079,1
116,2004-02-28,03:36:46.757637,12,15.2452,47.4079,1
117,2004-02-28,03:37:16.443195,12,15.2354,47.4405,1
118,2004-02-28,03:37:47.090628,12,15.1864,47.3752,1
119,2004-02-28,03:39:16.435823,12,15.1668,47.4731,1
120,2004-02-28,03:41:16.539332,12,15.1276,47.5057,1
121,2004-02-28,03:42:16.119174,12,15.1276,47.4731,1
122,2004-02-28,03:43:17.011784,12,15.1178,47.5383,1
123,2004-02-28,03:44:16.86625,12,15.1178,47.4731,1
124,2004-02-28,03:44:47.069873,12,15.1178,47.4731,1
125,2004-02-28,03:45:46.353344,12,15.1178,47.4731,1
126,2004-02-28,03:46:16.712664,12,15.1178,47.5057,1
127,2004-02-28,03:46:46.991501,12,15.1178,47.5057,1
128,2004-02-28,03:48:46.547381,12,15.1178,47.6687,1
129,2004-02-28,03:49:17.211313,12,15.1178,47.6361,1
130,2004-02-28,03:50:46.59254,12,15.1178,47.6687,1
131,2004-02-28,03:51:46.26713,12,15.1178,47.6687,1
132,2004-02-28,03:55:16.446305,12,15.1178,47.7664,1
133,2004-02-28,03:56:46.159572,12,15.1178,47.799,1
134,2004-02-28,03:57:16.503965,12,15.1178,47.7664,1
135,2004-02-28,03:58:16.152,12,15.1178,47.7664,1
136,2004-02-28,03:59:17.042382,12,15.1178,47.7338,1
137,2004-02-28,03:59:47.22801,12,15.1178,47.7664,1
138,2004-02-28,04:07:47.064428,12,15.1178,47.7338,1
139,2004-02-28,04:08:46.901093,12,15.1178,47.8641,1
140,2004-02-28,04:11:17.079022,12,15.0198,47.9292,1
141,2004-02-28,04:12:46.488587,12,15.0492,47.9292,1
142,2004-02-28,04:17:46.526029,12,14.9414,48.0267,1
143,2004-02-28,04:18:16.96688,12,14.912,48.0593,1
144,2004-02-28,04:18:46.925363,12,14.8924,48.0267,1
145,2004-02-28,04:19:17.2355,12,14.8924,47.9942,1
146,2004-02-28,04:21:46.22018,12,14.8924,48.0593,1
147,2004-02-28,04:22:47.050951,12,14.8728,47.9292,1
148,2004-02-28,04:23:17.303878,12,14.863,47.9942,1
149,2004-02-28,04:23:46.740278,12,14.8336,48.0918,1
150,2004-02-28,04:24:16.496579,12,14.8532,48.0267,1
151,2004-02-28,04:25:16.649013,12,14.8532,47.9942,1
152,2004-02-28,04:25:46.23805,12,14.8532,47.9942,1
153,2004-02-28,04:27:16.788073,12,14.863,47.9617,1
154,2004-02-28,04:29:16.238091,12,14.7944,48.1243,1
155,2004-02-28,04:30:17.006195,12,14.814,48.0918,1
156,2004-02-28,04:30:47.042804,12,14.8336,48.0593,1
157,2004-02-28,04:31:17.319205,12,14.814,48.0593,1
158,2004-02-28,04:31:46.215974,12,54.3840673856999,113.95872508599285,-1
159,2004-02-28,04:32:16.708898,12,14.814,48.1243,1
160,2004-02-28,04:33:47.336865,12,14.7846,48.2218,1
161,2004-02-28,04:35:17.25358,12,14.7748,48.1568,1
162,2004-02-28,04:35:47.334812,12,14.7748,48.1893,1
163,2004-02-28,04:38:47.196854,12,14.7552,48.2543,1
164,2004-02-28,04:39:46.20425,12,58.85709487887613,111.36174514170989,-1
165,2004-02-28,04:40:16.492841,12,14.7356,48.1893,1
166,2004-02-28,04:44:16.632188,12,14.7748,48.0593,1
167,2004-02-28,04:44:47.322452,12,14.7356,48.0593,1
168,2004-02-28,04:45:16.934304,12,14.7062,48.0918,1
169,2004-02-28,04:46:16.218995,12,14.6768,48.1243,1
170,2004-02-28,04:46:46.217174,12,14.6964,48.1568,1
171,2004-02-28,04:48:16.392964,12,14.6572,48.1893,1
172,2004-02-28,04:50:46.48446,12,14.6376,48.3192,1
173,2004-02-28,04:51:16.99947,12,14.6376,48.3192,1
174,2004-02-28,04:51:46.867747,12,14.6278,48.3517,1
175,2004-02-28,04:52:46.521558,12,14.618,48.3841,1
176,2004-02-28,04:54:16.605796,12,14.6376,48.3517,1
177,2004-02-28,04:57:16.497937,12,14.6278,48.3192,1
178,2004-02-28,05:01:16.519896,12,14.5788,48.2867,1
179,2004-02-28,05:04:46.526146,12,14.5592,48.3517,1
180,2004-02-28,05:08:46.445347,12,14.5984,48.2218,1
181,2004-02-28,05:09:46.919553,12,14.5984,48.2867,1
182,2004-02-28,05:10:46.575919,12,14.618,48.2867,1
183,2004-02-28,05:11:46.542829,12,14.6278,48.2543,1
184,2004-02-28,05:12:16.889503,12,14.6278,48.2543,1
185,2004-02-28,05:12:47.041168,12,14.6376,48.2218,1
186,2004-02-28,05:14:46.924801,12,14.618,48.2543,1
187,2004-02-28,05:15:47.071052,12,14.6082,48.3517,1
188,2004-02-28,05:18:16.877368,12,14.5592,48.449,1
189,2004-02-28,05:18:47.292927,12,14.5592,48.449,1
190,2004-02-28,05:19:46.523491,12,14.5592,48.4815,1
191,2004-02-28,05:20:16.815491,12,14.569,48.4815,1
192,2004-02-28,05:20:47.184199,12,14.569,48.449,1
193,2004-02-28,05:24:47.236691,12,14.5788,48.3192,1
194,2004-02-28,05:25:16.911846,12,14.5886,48.2543,1
195,2004-02-28,05:28:16.883814,12,14.5494,48.3192,1
196,2004-02-28,05:28:47.562847,12,14.52,48.3192,1
197,2004-02-28,05:29:46.689883,12,14.5298,48.4166,1
198,2004-02-28,05:31:16.902587,12,14.5396,48.449,1
199,2004-02-28,05:31:46.701176,12,14.52,48.4166,1
200,2004-02-28,05:33:16.423467,12,14.5396,48.4166,1
201,2004-02-28,05:41:17.20089,12,14.4808,48.5139,1
202,2004-02-28,05:42:17.343913,12,14.4514,48.5464,1
203,2004-02-28,05:42:46.830955,12,14.470999999999998,48.5139,1
204,2004-02-28,05:46:47.003483,12,14.4416,48.449,1
205,2004-02-28,05:47:47.252477,12,14.4416,48.449,1
206,2004-02-28,05:50:16.316501,12,14.4514,48.4815,1
207,2004-02-28,05:54:46.505307,12,14.422,48.5788,1
208,2004-02-28,05:55:17.354263,12,14.4318,48.5788,1
209,2004-02-28,05:56:47.370934,12,14.3926,48.7084,1
210,2004-02-28,05:57:46.765256,12,14.4024,48.7084,1
211,2004-02-28,05:59:16.488535,12,14.3926,48.676,1
212,2004-02-28,06:01:17.10037,12,14.373,48.676,1
213,2004-02-28,06:03:17.284848,12,14.4024,48.6436,1
214,2004-02-28,06:04:46.569434,12,14.4122,48.5788,1
215,2004-02-28,06:05:17.449973,12,14.4024,48.5464,1
216,2004-02-28,06:05:46.589017,12,14.422,48.5139,1
217,2004-02-28,06:07:17.545201,12,14.4122,48.5788,1
218,2004-02-28,06:08:46.95815,12,14.4514,48.5139,1
219,2004-02-28,06:11:17.050648,12,14.4612,48.449,1
220,2004-02-28,06:11:47.479851,12,14.4612,48.449,1
221,2004-02-28,06:12:17.088543,12,14.470999999999998,48.4166,1
222,2004-02-28,06:13:47.554682,12,14.4318,48.5464,1
223,2004-02-28,06:18:46.319385,12,14.3436,48.676,1
224,2004-02-28,06:19:46.325161,12,14.373,48.6436,1
225,2004-02-28,06:20:47.471649,12,14.3534,48.6112,1
226,2004-02-28,06:21:17.305319,12,14.3436,48.6112,1
227,2004-02-28,06:23:16.793854,12,14.3436,48.6112,1
228,2004-02-28,06:25:17.646263,12,14.3338,48.6112,1
229,2004-02-28,06:25:47.190438,12,14.3338,48.6112,1
230,2004-02-28,06:26:17.161611,12,14.324000000000002,48.5788,1
231,2004-02-28,06:27:16.543515,12,14.3338,48.5788,1
232,2004-02-28,06:28:17.22552,12,14.3044,48.6112,1
233,2004-02-28,06:28:47.370973,12,14.324000000000002,48.6112,1
234,2004-02-28,06:29:46.828576,12,14.324000000000002,48.6112,1
235,2004-02-28,06:31:47.482707,12,14.3632,48.6436,1
236,2004-02-28,06:32:16.903971,12,14.324000000000002,48.7084,1
237,2004-02-28,06:32:47.107922,12,14.3436,48.676,1
238,2004-02-28,06:33:16.68741,12,14.324000000000002,48.676,1
239,2004-02-28,06:36:47.375645,12,14.4024,48.5464,1
240,2004-02-28,06:38:46.770298,12,14.3828,48.5139,1
241,2004-02-28,06:39:17.348265,12,14.3534,48.6112,1
242,2004-02-28,06:39:46.607677,12,14.3828,48.5788,1
243,2004-02-28,06:44:46.387482,12,14.3534,48.5788,1
244,2004-02-28,06:46:17.186323,12,14.3436,48.5788,1
245,2004-02-28,06:46:47.515852,12,14.3828,48.5139,1
246,2004-02-28,06:47:47.240282,12,14.3926,48.449,1
247,2004-02-28,06:48:47.043418,12,14.4024,48.449,1
248,2004-02-28,06:49:17.487085,12,14.373,48.4166,1
249,2004-02-28,06:54:16.777926,12,14.3632,48.5464,1
250,2004-02-28,06:56:47.277855,12,14.3632,48.4815,1
251,2004-02-28,07:00:47.227251,12,14.3436,48.5139,1
252,2004-02-28,07:02:47.376557,12,14.3436,48.4815,1
253,2004-02-28,07:03:47.441893,12,14.3436,48.4815,1
254,2004-02-28,07:05:47.177983,12,14.3632,48.4166,1
255,2004-02-28,07:06:16.447946,12,14.3632,48.4166,1
256,2004-02-28,07:07:47.536488,12,14.373,48.449,1
257,2004-02-28,07:08:46.788695,12,14.3828,48.449,1
258,2004-02-28,07:09:17.167687,12,14.3926,48.449,1
259,2004-02-28,07:10:16.521554,12,14.4122,48.449,1
260,2004-02-28,07:11:47.567974,12,14.4906,48.4166,1
261,2004-02-28,07:12:46.521004,12,14.569,48.1893,1
262,2004-02-28,07:13:16.519021,12,14.5886,48.0918,1
263,2004-02-28,07:13:46.59163,12,14.618,48.1568,1
264,2004-02-28,07:15:17.388328,12,14.6964,47.8641,1
265,2004-02-28,07:15:46.525717,12,14.7258,47.9292,1
266,2004-02-28,07:16:16.53025,12,14.7454,47.7664,1
267,2004-02-28,07:17:16.5779,12,14.765,47.6035,1
268,2004-02-28,07:17:47.87143,12,14.7748,47.7664,1
269,2004-02-28,07:18:16.929842,12,14.7748,47.7013,1
270,2004-02-28,07:19:47.028291,12,14.765,47.799,1
271,2004-02-28,07:20:16.839943,12,14.7748,47.6687,1
272,2004-02-28,07:21:16.53776,12,14.814,47.6361,1
273,2004-02-28,07:23:17.331591,12,14.8042,47.4079,1
274,2004-02-28,07:23:47.230469,12,14.814,47.4405,1
275,2004-02-28,07:24:16.757514,12,14.8532,47.4405,1
276,2004-02-28,07:29:16.617664,12,14.8532,47.3426,1
277,2004-02-28,07:29:46.820898,12,14.8434,47.3426,1
278,2004-02-28,07:30:47.603703,12,14.863,47.31,1
279,2004-02-28,07:31:17.203431,12,14.9022,47.212,1
280,2004-02-28,07:31:46.445288,12,14.912,47.1793,1
281,2004-02-28,07:32:16.564426,12,14.9218,47.212,1
282,2004-02-28,07:33:17.602657,12,14.9316,47.212,1
283,2004-02-28,07:33:46.449467,12,14.9512,47.1467,1
284,2004-02-28,07:35:16.472324,12,14.9708,47.1467,1
285,2004-02-28,07:35:46.591278,12,14.961,47.0813,1
286,2004-02-28,07:36:16.457047,12,14.9512,47.114,1
287,2004-02-28,07:36:48.269249,12,14.9708,47.0813,1
288,2004-02-28,07:42:17.694925,12,15.2452,46.0655,1
289,2004-02-28,07:43:17.331784,12,15.2844,45.9011,1
290,2004-02-28,07:44:17.881393,12,15.3236,45.8024,1
291,2004-02-28,07:45:17.021038,12,15.353,45.7037,1
292,2004-02-28,07:46:17.59371,12,15.402,45.6379,1
293,2004-02-28,07:48:16.900081,12,15.4216,45.572,1
294,2004-02-28,07:48:47.767598,12,15.4412,45.6049,1
295,2004-02-28,07:51:17.319696,12,15.5196,45.4402,1
296,2004-02-28,07:52:46.67516,12,15.5196,45.4072,1
297,2004-02-28,07:55:17.173916,12,15.5294,45.4402,1
298,2004-02-28,07:56:47.727026,12,15.5196,45.4732,1
299,2004-02-28,08:02:16.702829,12,15.598,45.3413,1
300,2004-02-28,08:02:47.189271,12,15.6078,45.2423,1
301,2004-02-28,08:03:48.251378,12,15.6568,45.3083,1
302,2004-02-28,08:04:47.516581,12,15.7156,45.1103,1
303,2004-02-28,08:05:17.619507,12,15.7548,45.0773,1
304,2004-02-28,08:06:17.850756,12,15.794,45.0112,1
305,2004-02-28,08:08:18.151831,12,15.9508,44.6475,1
306,2004-02-28,08:09:47.666328,12,15.99,44.6475,1
307,2004-02-28,08:10:47.996607,12,16.0292,44.6144,1
308,2004-02-28,08:13:47.22197,12,16.039,44.5813,1
309,2004-02-28,08:14:16.935663,12,16.0782,44.5813,1
310,2004-02-28,08:17:46.990047,12,16.137,44.4488,1
311,2004-02-28,08:18:17.363971,12,16.1566,44.3494,1
312,2004-02-28,08:19:17.093138,12,16.186,44.2831,1
313,2004-02-28,08:20:17.927204,12,16.2252,44.2831,1
314,2004-02-28,08:20:47.890581,12,16.2252,44.1504,1
315,2004-02-28,08:21:48.448201,12,16.2252,44.2168,1
316,2004-02-28,08:23:17.142457,12,16.235,44.2168,1
317,2004-02-28,08:24:18.617028,12,16.2644,44.1172,1
318,2004-02-28,08:24:48.429246,12,16.2448,44.084,1
319,2004-02-28,08:25:47.417265,12,16.2644,44.1504,1
320,2004-02-28,08:26:18.210547,12,16.2742,44.1836,1
321,2004-02-28,08:29:17.467422,12,16.3134,44.1836,1
322,2004-02-28,08:30:16.888967,12,16.3428,44.1172,1
323,2004-02-28,08:30:47.060527,12,16.3526,44.1172,1
324,2004-02-28,15:35:20.050774,12,20.8704,37.9845,1
325,2004-02-28,15:42:51.057046,12,20.8214,37.9845,1
326,2004-02-28,15:43:17.413536,12,20.8116,38.0187,1
327,2004-02-28,15:44:20.890189,12,20.792,38.0529,1
328,2004-02-28,15:44:48.790399,12,20.7822,38.0187,1
329,2004-02-28,15:45:20.455594,12,20.8018,38.0529,1
330,2004-02-28,15:47:19.501876,12,20.792,38.0529,1
331,2004-02-28,15:49:47.856981,12,20.7724,38.1555,1
332,2004-02-28,15:54:50.76173,12,20.792,37.8134,1
333,2004-02-28,15:56:19.265603,12,20.7724,38.0187,1
334,2004-02-28,15:57:17.430861,12,20.7822,37.9161,1
335,2004-02-28,16:00:50.44966,12,20.7724,37.9161,1
336,2004-02-28,16:02:47.445487,12,20.7528,37.9161,1
337,2004-02-28,16:03:19.562084,12,20.7626,37.9161,1
338,2004-02-28,16:04:49.617749,12,20.7626,37.9845,1
339,2004-02-28,16:06:19.535061,12,20.7528,38.1897,1
340,2004-02-28,16:08:50.601667,12,20.7332,38.1555,1
341,2004-02-28,16:10:20.739073,12,69.79065741567206,83.0219108844812,-1
342,2004-02-28,16:11:19.051293,12,20.7234,38.258,1
343,2004-02-28,16:13:17.351444,12,20.7136,38.1897,1
344,2004-02-28,16:13:49.898351,12,20.7234,38.2922,1
345,2004-02-28,16:14:18.567032,12,20.7234,38.2239,1
346,2004-02-28,16:15:17.531098,12,20.7136,38.258,1
347,2004-02-28,16:17:18.306847,12,20.7136,38.258,1
348,2004-02-28,16:19:18.88185,12,20.7038,38.3946,1
349,2004-02-28,16:21:50.115356,12,20.6842,38.3946,1
350,2004-02-28,16:24:17.981692,12,20.6842,38.258,1
351,2004-02-28,16:27:47.524413,12,20.6842,38.3263,1
352,2004-02-28,16:28:17.443324,12,20.6744,38.4287,1
353,2004-02-28,16:29:17.518251,12,20.6548,38.4629,1
354,2004-02-28,16:30:47.91725,12,20.6352,38.5311,1
355,2004-02-28,16:33:48.259958,12,20.645,38.5993,1
356,2004-02-28,16:34:19.624323,12,20.645,38.5993,1
357,2004-02-28,16:34:50.859266,12,20.645,38.6675,1
358,2004-02-28,16:35:20.86033,12,20.645,38.6675,1
359,2004-02-28,16:36:47.420146,12,20.6352,38.5652,1
360,2004-02-28,16:37:22.364485,12,20.645,38.4629,1
361,2004-02-28,16:37:52.149844,12,20.6352,38.5652,1
362,2004-02-28,16:38:20.335063,12,20.6254,38.497,1
363,2004-02-28,16:40:47.912887,12,20.596,38.7016,1
364,2004-02-28,16:41:19.43259,12,20.5862,38.7016,1
365,2004-02-28,16:42:49.995689,12,20.5764,38.7357,1
366,2004-02-28,16:43:48.30542,12,20.5764,38.7698,1
367,2004-02-28,16:45:18.244002,12,20.5568,38.6675,1
368,2004-02-28,16:45:51.084531,12,20.5568,38.6675,1
369,2004-02-28,16:49:49.42007,12,20.5078,38.8039,1
370,2004-02-28,16:50:49.892043,12,20.498,38.872,1
371,2004-02-28,16:51:17.385006,12,20.498,38.872,1
372,2004-02-28,16:52:20.558673,12,20.4882,39.0082,1
373,2004-02-28,16:53:21.867306,12,20.4784,38.9061,1
374,2004-02-28,16:55:19.254478,12,20.4882,38.872,1
375,2004-02-28,16:55:49.622339,12,20.4686,39.0082,1
376,2004-02-28,16:56:48.588912,12,20.4392,39.0763,1
377,2004-02-28,16:59:20.559643,12,20.4392,39.1103,1
378,2004-02-28,17:02:48.461785,12,20.449,39.0763,1
379,2004-02-28,17:03:18.714172,12,20.4392,39.0082,1
380,2004-02-28,17:04:22.23357,12,20.4784,39.0082,1
381,2004-02-28,17:04:47.780943,12,20.4588,38.9401,1
382,2004-02-28,17:06:21.24736,12,20.498,38.872,1
383,2004-02-28,17:06:51.350004,12,20.5078,38.9401,1
384,2004-02-28,17:08:21.110696,12,20.5078,38.9061,1
385,2004-02-28,17:08:48.162379,12,20.5176,38.9401,1
386,2004-02-28,17:10:51.125594,12,20.5274,38.9401,1
387,2004-02-28,17:11:48.372215,12,20.5176,38.9401,1
388,2004-02-28,17:17:21.039006,12,20.498,39.0082,1
389,2004-02-28,17:18:48.312129,12,20.498,38.9401,1
390,2004-02-28,17:19:17.451747,12,20.498,38.9401,1
391,2004-02-28,17:19:49.423382,12,20.5274,38.9401,1
392,2004-02-28,17:20:51.278765,12,20.5176,38.9401,1
393,2004-02-28,17:22:18.540681,12,20.5176,38.9061,1
394,2004-02-28,17:24:48.983236,12,69.19657763817116,81.55485553784814,-1
395,2004-02-28,17:27:18.303597,12,20.449,39.0082,1
396,2004-02-28,17:28:18.086156,12,20.4392,39.2123,1
397,2004-02-28,17:30:47.487269,12,20.4,39.1443,1
398,2004-02-28,17:34:18.386461,12,20.2922,39.3483,1
399,2004-02-28,17:36:52.086503,12,20.204,39.4502,1
400,2004-02-28,17:37:21.067529,12,20.1746,39.6878,1
401,2004-02-28,17:38:47.650473,12,20.1648,39.7217,1
402,2004-02-28,17:39:17.745622,12,20.155,39.8235,1
403,2004-02-28,17:39:48.7061,12,20.1354,39.8235,1
404,2004-02-28,17:41:19.249605,12,20.1158,39.7557,1
405,2004-02-28,17:43:50.917971,12,20.0864,39.9591,1
406,2004-02-28,17:45:50.256119,12,20.057,39.9591,1
407,2004-02-28,17:47:18.357168,12,20.0472,39.9591,1
408,2004-02-28,17:48:17.915287,12,20.0276,40.0268,1
409,2004-02-28,17:49:49.987127,12,19.9982,40.0607,1
410,2004-02-28,17:50:21.318481,12,19.9884,40.0268,1
411,2004-02-28,17:50:51.740916,12,19.9884,40.0268,1
412,2004-02-28,17:54:22.007478,12,19.9394,40.1961,1
413,2004-02-28,18:00:21.294649,12,19.8512,40.3314,1
414,2004-02-28,18:03:48.191958,12,19.7924,40.5004,1
415,2004-02-28,18:04:47.750264,12,19.7728,40.56800000000001,1
416,2004-02-28,18:10:47.926276,12,19.6944,40.7031,1
417,2004-02-28,18:13:49.748332,12,19.6748,40.7031,1
418,2004-02-28,18:14:19.256132,12,19.6748,40.6693,1
419,2004-02-28,18:15:49.796403,12,19.6552,40.7706,1
420,2004-02-28,18:16:19.797477,12,19.6454,40.7368,1
421,2004-02-28,18:17:47.539158,12,19.6258,40.7706,1
422,2004-02-28,18:18:48.276754,12,19.6258,40.7706,1
423,2004-02-28,18:19:17.820029,12,19.616,40.7706,1
424,2004-02-28,18:24:53.345968,12,19.5572,40.9055,1
425,2004-02-28,18:26:19.690601,12,19.5474,40.8043,1
426,2004-02-28,18:27:21.561224,12,19.5572,40.9392,1
427,2004-02-28,18:28:18.382792,12,19.5474,40.9055,1
428,2004-02-28,18:29:48.807745,12,19.5376,40.9392,1
429,2004-02-28,18:37:47.592648,12,19.5082,40.973,1
430,2004-02-28,18:38:49.447255,12,19.4984,41.0067,1
431,2004-02-28,18:41:19.278658,12,19.4788,41.0067,1
432,2004-02-28,18:41:52.651529,12,19.4788,40.973,1
433,2004-02-28,18:43:52.617417,12,19.4788,40.973,1
434,2004-02-28,18:44:50.369428,12,19.4592,40.973,1
435,2004-02-28,18:46:20.54072,12,19.4592,41.0404,1
436,2004-02-28,18:47:20.475142,12,19.4298,41.0741,1
437,2004-02-28,18:48:48.763445,12,19.42,40.9392,1
438,2004-02-28,18:50:19.562096,12,19.42,41.0404,1
439,2004-02-28,18:52:51.986723,12,19.3808,41.1751,1
440,2004-02-28,18:56:50.615583,12,19.3514,41.1751,1
441,2004-02-28,18:58:21.303598,12,19.3416,41.2088,1
442,2004-02-28,19:00:17.648571,12,19.3318,41.1751,1
443,2004-02-28,19:01:48.064659,12,19.322,41.2425,1
444,2004-02-28,19:03:49.394847,12,19.3122,41.2088,1
445,2004-02-28,19:06:18.59393,12,19.3024,41.1751,1
446,2004-02-28,19:06:49.476668,12,19.3024,41.1078,1
447,2004-02-28,19:08:21.617687,12,19.3024,41.1751,1
448,2004-02-28,19:10:49.981892,12,19.2828,41.2425,1
449,2004-02-28,19:12:21.312319,12,19.2632,41.1751,1
450,2004-02-28,19:13:17.438388,12,19.2338,41.2761,1
451,2004-02-28,19:13:48.901105,12,19.2436,41.4444,1
452,2004-02-28,19:14:17.439989,12,19.224,41.4444,1
453,2004-02-28,19:14:47.311759,12,19.224,41.4444,1
454,2004-02-28,19:15:20.584536,12,19.224,41.4444,1
455,2004-02-28,19:15:50.014201,12,19.224,41.4444,1
456,2004-02-28,19:17:51.176277,12,19.2338,41.4444,1
457,2004-02-28,19:18:20.394567,12,19.2142,41.4108,1
458,2004-02-28,19:18:52.178388,12,19.2044,41.478,1
459,2004-02-28,19:20:20.068654,12,19.1946,41.478,1
460,2004-02-28,19:21:19.183318,12,19.1848,41.4444,1
461,2004-02-28,19:24:19.32124,12,19.1848,41.4444,1
462,2004-02-28,19:26:18.019927,12,19.1652,41.478,1
463,2004-02-28,19:26:47.728782,12,19.1554,41.5116,1
464,2004-02-28,19:27:20.737251,12,19.1554,41.5116,1
465,2004-02-28,19:27:51.618799,12,19.1456,41.5116,1
466,2004-02-28,19:29:18.930337,12,19.0966,41.478,1
467,2004-02-28,19:30:17.728696,12,19.0966,41.6461,1
468,2004-02-28,19:31:51.742321,12,19.0868,41.6797,1
469,2004-02-28,19:34:48.169405,12,19.0476,41.7133,1
470,2004-02-28,19:35:19.672005,12,19.0182,42.5847,1
471,2004-02-28,19:35:52.486509,12,19.0182,43.2525,1
472,2004-02-28,19:37:20.318557,12,19.028,43.4524,1
473,2004-02-28,19:38:22.762822,12,19.028,43.3858,1
474,2004-02-28,19:38:50.536613,12,19.028,43.2858,1
475,2004-02-28,19:39:21.292701,12,19.0378,43.4524,1
476,2004-02-28,19:39:48.688773,12,19.0476,43.519,1
477,2004-02-28,19:41:52.768029,12,19.0672,42.1495,1
478,2004-02-28,19:42:47.701442,12,19.0084,42.6516,1
479,2004-02-28,19:44:48.644305,12,19.0084,43.1191,1
480,2004-02-28,19:45:17.670518,12,18.9986,43.4524,1
481,2004-02-28,19:46:17.637826,12,19.0084,44.0508,1
482,2004-02-28,19:46:52.695929,12,19.028,43.2525,1
483,2004-02-28,19:47:17.773913,12,19.028,43.2858,1
484,2004-02-28,19:49:17.87809,12,19.0084,43.2191,1
485,2004-02-28,19:50:21.992113,12,58.331765219138724,99.53468114757425,-1
486,2004-02-28,19:50:47.855302,12,19.0182,42.8521,1
487,2004-02-28,19:51:18.814385,12,19.028,42.8855,1
488,2004-02-28,19:53:20.296326,12,19.0084,42.4844,1
489,2004-02-28,19:53:52.17726,12,19.0084,42.0489,1
490,2004-02-28,19:55:47.793399,12,18.9888,41.9818,1
491,2004-02-28,19:56:18.609735,12,18.9986,41.9147,1
492,2004-02-28,19:56:52.014727,12,19.028,41.9483,1
493,2004-02-28,19:57:18.914465,12,19.0476,41.8476,1
494,2004-02-28,19:57:51.853422,12,19.0672,41.7805,1
495,2004-02-28,19:58:24.848541,12,19.0672,41.7805,1
496,2004-02-28,19:58:47.722344,12,19.077,41.7133,1
497,2004-02-28,19:59:48.027717,12,19.0966,41.6797,1
498,2004-02-28,20:01:18.276966,12,19.0868,42.11600000000001,1
499,2004-02-28,20:02:18.367874,12,19.0476,42.4844,1
500,2004-02-28,20:03:51.567903,12,19.028,42.7185,1
501,2004-02-28,20:04:20.82151,12,19.0476,42.8521,1
502,2004-02-28,20:07:48.440218,12,19.028,43.019,1
503,2004-02-28,20:10:50.382167,12,19.0476,43.0858,1
504,2004-02-28,20:16:49.966988,12,19.0476,42.7185,1
505,2004-02-28,20:17:19.038393,12,19.0574,43.1191,1
506,2004-02-28,20:17:48.962595,12,19.0378,43.019,1
507,2004-02-28,20:19:20.664156,12,19.0476,43.1191,1
508,2004-02-28,20:19:48.560706,12,19.028,43.0524,1
509,2004-02-28,20:20:23.978124,12,19.0084,43.3191,1
510,2004-02-28,20:21:18.678988,12,18.9986,43.1858,1
511,2004-02-28,20:21:47.853173,12,19.0182,43.0524,1
512,2004-02-28,20:26:22.116103,12,18.9986,43.0858,1
513,2004-02-28,20:27:19.049387,12,19.0084,43.0858,1
514,2004-02-28,20:28:53.139226,12,18.9986,43.0858,1
515,2004-02-28,20:29:19.833496,12,18.9888,43.1191,1
516,2004-02-28,20:31:48.495684,12,18.9692,43.019,1
517,2004-02-28,20:32:51.833566,12,18.9496,43.1525,1
518,2004-02-28,20:35:48.325823,12,18.9496,43.4857,1
519,2004-02-28,20:36:19.079639,12,18.9398,43.4191,1
520,2004-02-28,20:37:23.766451,12,18.93,43.2525,1
521,2004-02-28,20:37:47.762862,12,18.93,43.2191,1
522,2004-02-28,20:38:17.88552,12,18.9202,43.4524,1
523,2004-02-28,20:41:18.744795,12,18.9202,43.8515,1
524,2004-02-28,20:45:50.148161,12,18.93,42.4509,1
525,2004-02-28,20:46:47.678126,12,18.9006,42.2165,1
526,2004-02-28,20:47:48.555306,12,18.8712,42.25,1
527,2004-02-28,20:50:53.324346,12,18.8124,42.38399999999999,1
528,2004-02-28,20:51:52.708317,12,18.7928,42.38399999999999,1
529,2004-02-28,20:52:17.95847,12,18.783,42.2835,1
530,2004-02-28,20:52:48.494394,12,18.8124,42.25,1
531,2004-02-28,20:54:53.593486,12,18.8026,42.183,1
532,2004-02-28,20:58:51.430691,12,18.7438,42.2835,1
533,2004-02-28,21:01:49.006762,12,18.8026,42.183,1
534,2004-02-28,21:02:19.887897,12,18.8124,42.11600000000001,1
535,2004-02-28,21:02:52.499014,12,18.8124,42.11600000000001,1
536,2004-02-28,21:05:17.853833,12,18.7732,42.2165,1
537,2004-02-28,21:07:22.314224,12,18.783,42.183,1
538,2004-02-28,21:11:53.550095,12,18.8026,42.0489,1
539,2004-02-28,21:12:19.551245,12,18.8026,42.0824,1
540,2004-02-28,21:12:50.254255,12,18.8026,42.0824,1
541,2004-02-28,21:13:18.79636,12,18.8222,42.0489,1
542,2004-02-28,21:13:49.010579,12,18.8124,41.9818,1
543,2004-02-28,21:14:18.860107,12,18.8124,41.9818,1
544,2004-02-28,21:14:47.905017,12,18.8124,41.9818,1
545,2004-02-28,21:15:24.46648,12,18.8124,41.9818,1
546,2004-02-28,21:19:48.643645,12,18.8418,41.8476,1
547,2004-02-28,21:20:51.571692,12,18.8516,41.7805,1
548,2004-02-28,21:21:22.066847,12,18.8516,41.8476,1
549,2004-02-28,21:25:22.255151,12,18.8712,41.7805,1
550,2004-02-28,21:27:22.610517,12,18.783,42.0154,1
551,2004-02-28,21:27:52.064639,12,18.7634,42.0489,1
552,2004-02-28,21:29:23.099963,12,18.734,42.1495,1
553,2004-02-28,21:30:21.850962,12,18.6948,42.183,1
554,2004-02-28,21:30:49.051985,12,18.685,42.183,1
555,2004-02-28,21:31:19.530039,12,18.6752,42.25,1
556,2004-02-28,21:31:47.89108,12,18.685,42.2165,1
557,2004-02-28,21:34:20.102169,12,18.6556,42.25,1
558,2004-02-28,21:34:52.027009,12,18.636,42.25,1
559,2004-02-28,21:35:18.448373,12,18.6262,42.25,1
560,2004-02-28,21:38:22.516237,12,18.6164,42.25,1
561,2004-02-28,21:39:19.145643,12,18.5968,42.25,1
562,2004-02-28,21:41:18.669628,12,18.5576,42.2835,1
563,2004-02-28,21:42:50.643865,12,18.5576,42.38399999999999,1
564,2004-02-28,21:43:18.897736,12,18.5576,42.3505,1
565,2004-02-28,21:44:19.214106,12,18.5576,42.4174,1
566,2004-02-28,21:45:52.037096,12,18.5478,42.38399999999999,1
567,2004-02-28,21:46:19.18083,12,18.5478,42.3505,1
568,2004-02-28,21:47:48.643393,12,18.5282,42.5178,1
569,2004-02-28,21:49:48.039989,12,18.4498,42.5178,1
570,2004-02-28,21:51:52.289438,12,18.4596,42.6182,1
571,2004-02-28,21:52:19.320544,12,18.4694,42.5847,1
572,2004-02-28,21:58:18.937041,12,18.4498,42.5178,1
573,2004-02-28,21:59:21.667617,12,18.44,42.5847,1
574,2004-02-28,22:01:23.331811,12,18.3714,42.4844,1
575,2004-02-28,22:02:50.685307,12,18.4008,42.5847,1
576,2004-02-28,22:04:17.898119,12,18.44,42.5178,1
577,2004-02-28,22:07:21.46182,12,18.3812,42.5847,1
578,2004-02-28,22:08:22.217521,12,18.3812,42.5847,1
579,2004-02-28,22:09:23.508107,12,18.3714,42.7185,1
580,2004-02-28,22:11:22.033399,12,18.3322,42.685,1
581,2004-02-28,22:12:52.937665,12,18.3224,42.685,1
582,2004-02-28,22:13:47.932839,12,18.3224,42.6182,1
583,2004-02-28,22:14:18.964292,12,18.3126,42.6516,1
584,2004-02-28,22:15:51.330371,12,18.3028,42.685,1
585,2004-02-28,22:21:19.101771,12,18.3616,42.38399999999999,1
586,2004-02-28,22:21:52.230904,12,18.3616,42.38399999999999,1
587,2004-02-28,22:22:19.05182,12,18.3812,42.38399999999999,1
588,2004-02-28,22:22:48.842665,12,18.3812,42.4174,1
589,2004-02-28,22:23:49.009634,12,18.4008,42.38399999999999,1
590,2004-02-28,22:24:18.830721,12,18.4008,42.317,1
591,2004-02-28,22:24:49.847014,12,18.3812,42.25,1
592,2004-02-28,22:26:48.983493,12,18.342,42.38399999999999,1
593,2004-02-28,22:29:49.802365,12,18.391,42.317,1
594,2004-02-28,22:30:21.750141,12,18.391,42.3505,1
595,2004-02-28,22:31:49.81404,12,18.4008,42.317,1
596,2004-02-28,22:32:22.004181,12,18.4008,42.25,1
597,2004-02-28,22:32:52.897803,12,18.4204,42.2835,1
598,2004-02-28,22:36:53.321623,12,18.3616,42.317,1
599,2004-02-28,22:37:49.121547,12,18.3616,42.3505,1
600,2004-02-28,22:38:48.5364,12,18.3616,42.317,1
601,2004-02-28,22:42:20.897103,12,18.293,42.317,1
602,2004-02-28,22:44:19.337933,12,18.2832,42.4509,1
603,2004-02-28,22:45:18.810453,12,18.2538,42.5178,1
604,2004-02-28,22:45:50.986079,12,18.2244,42.5178,1
605,2004-02-28,22:47:50.826948,12,18.1852,42.5847,1
606,2004-02-28,22:49:18.985856,12,18.1656,42.685,1
607,2004-02-28,22:50:49.86029,12,18.1362,42.7853,1
608,2004-02-28,22:51:23.834547,12,18.1166,42.8521,1
609,2004-02-28,22:51:54.572502,12,18.1264,42.8521,1
610,2004-02-28,22:52:18.074423,12,18.1068,42.9189,1
611,2004-02-28,22:53:52.6115,12,18.048,42.9189,1
612,2004-02-28,22:57:48.324222,12,56.45882348875753,108.24693167696765,-1
613,2004-02-28,23:02:18.0542,12,17.95,43.0524,1
614,2004-02-28,23:03:17.938005,12,17.9304,43.0858,1
615,2004-02-28,23:04:47.884092,12,17.9304,43.1191,1
616,2004-02-28,23:05:18.624234,12,17.9304,43.0524,1
617,2004-02-28,23:06:50.052003,12,17.9108,43.0858,1
618,2004-02-28,23:07:49.454616,12,17.8912,43.0524,1
619,2004-02-28,23:08:18.075323,12,17.8912,43.1191,1
620,2004-02-28,23:09:24.40854,12,17.8912,43.1525,1
621,2004-02-28,23:12:18.566895,12,17.852,43.3191,1
622,2004-02-28,23:14:18.095423,12,17.8324,43.2525,1
623,2004-02-28,23:15:25.365051,12,17.8128,43.3191,1
624,2004-02-28,23:15:48.613114,12,17.8128,43.3191,1
625,2004-02-28,23:18:18.557624,12,17.7932,43.3858,1
626,2004-02-28,23:18:55.010524,12,17.7834,43.3858,1
627,2004-02-28,23:19:48.519731,12,17.7442,43.4191,1
628,2004-02-28,23:29:20.082867,12,17.6756,43.4524,1
629,2004-02-28,23:34:24.089634,12,17.6364,43.519,1
630,2004-02-28,23:37:21.948352,12,17.607,43.6521,1
631,2004-02-28,23:37:48.951325,12,17.5874,43.6853,1
632,2004-02-28,23:38:18.633068,12,17.5972,43.6853,1
633,2004-02-28,23:38:51.368775,12,17.5972,43.6853,1
634,2004-02-28,23:43:19.757952,12,17.558,43.6521,1
635,2004-02-28,23:43:48.606384,12,17.558,43.6853,1
636,2004-02-28,23:45:24.90442,12,17.558,43.6188,1
637,2004-02-28,23:46:25.076091,12,17.5678,43.6521,1
638,2004-02-28,23:46:48.386198,12,17.558,43.6521,1
639,2004-02-28,23:47:18.592443,12,17.5482,43.6188,1
640,2004-02-28,23:52:50.752552,12,17.5188,43.5855,1
641,2004-02-28,23:53:19.661707,12,17.509,43.6521,1
642,2004-02-28,23:55:51.336422,12,17.5188,43.6521,1
643,2004-02-28,23:57:18.702361,12,17.509,43.7186,1
644,2004-02-28,23:58:21.601406,12,17.4992,43.7186,1
645,2004-02-28,23:59:48.832025,12,17.4894,43.7518,1
646,2004-02-29,00:00:21.577109,12,17.4894,43.7186,1
647,2004-02-29,00:01:48.914849,12,17.4796,43.7186,1
648,2004-02-29,00:02:51.429652,12,17.4796,43.7518,1
649,2004-02-29,00:03:23.039064,12,17.4698,43.7851,1
650,2004-02-29,00:04:18.141741,12,17.46,43.7518,1
651,2004-02-29,00:08:51.846408,12,17.4404,43.7186,1
652,2004-02-29,00:09:53.521039,12,17.4208,43.7186,1
653,2004-02-29,00:10:53.468648,12,17.4306,43.7186,1
654,2004-02-29,00:12:18.162164,12,17.4012,43.7518,1
655,2004-02-29,00:12:53.261211,12,17.4012,43.7518,1
656,2004-02-29,00:13:21.963655,12,17.3816,43.7851,1
657,2004-02-29,00:14:19.43311,12,17.3326,43.8515,1
658,2004-02-29,00:14:49.178416,12,17.313,43.9512,1
659,2004-02-29,00:16:51.056771,12,17.264,44.1172,1
660,2004-02-29,00:17:19.618526,12,17.2542,44.1172,1
661,2004-02-29,00:17:54.654157,12,17.264,44.1172,1
662,2004-02-29,00:18:24.762636,12,17.2444,44.1504,1
663,2004-02-29,00:18:52.025348,12,17.2542,44.1172,1
664,2004-02-29,00:23:21.604573,12,17.2248,44.1836,1
665,2004-02-29,00:24:20.779008,12,17.2346,44.1504,1
666,2004-02-29,00:25:49.095092,12,17.2444,44.1172,1
667,2004-02-29,00:27:53.821935,12,17.2542,44.0508,1
668,2004-02-29,00:28:21.000263,12,17.2542,44.0508,1
669,2004-02-29,00:29:21.753575,12,17.2542,44.0176,1
670,2004-02-29,00:29:55.466244,12,17.2542,44.0176,1
671,2004-02-29,00:33:48.700014,12,17.2542,43.918,1
672,2004-02-29,00:34:18.958773,12,17.264,43.918,1
673,2004-02-29,00:37:18.235976,12,17.264,43.9844,1
674,2004-02-29,00:37:52.745446,12,17.2542,43.9512,1
675,2004-02-29,00:38:18.907521,12,17.2542,43.9844,1
676,2004-02-29,00:39:20.66935,12,17.2444,43.9844,1
677,2004-02-29,00:39:50.513831,12,17.2248,44.0508,1
678,2004-02-29,00:41:53.190751,12,17.2248,44.084,1
679,2004-02-29,00:43:23.230861,12,17.2052,44.1172,1
680,2004-02-29,00:43:48.66619,12,17.2052,44.084,1
681,2004-02-29,00:44:19.647476,12,17.2052,44.0508,1
682,2004-02-29,00:44:53.023928,12,17.2052,44.0508,1
683,2004-02-29,00:45:20.775116,12,17.2052,44.0508,1
684,2004-02-29,00:47:21.385378,12,17.2052,44.0176,1
685,2004-02-29,00:48:18.261334,12,17.215,43.9844,1
686,2004-02-29,00:48:48.786701,12,17.215,43.9844,1
687,2004-02-29,00:49:21.267245,12,17.2052,43.9844,1
688,2004-02-29,00:50:50.701638,12,17.2052,43.9512,1
689,2004-02-29,00:52:18.369587,12,17.1954,43.9844,1
690,2004-02-29,00:56:49.176566,12,17.215,43.8515,1
691,2004-02-29,00:57:53.606046,12,17.2444,43.8183,1
692,2004-02-29,00:58:19.302445,12,17.2346,43.8183,1
693,2004-02-29,01:01:49.043211,12,17.2542,43.7851,1
694,2004-02-29,01:03:18.996688,12,17.2444,43.7851,1
695,2004-02-29,01:04:49.328119,12,17.2346,43.7518,1
696,2004-02-29,01:05:22.036171,12,17.2346,43.7851,1
697,2004-02-29,01:07:52.20411,12,17.2052,43.8515,1
698,2004-02-29,01:08:21.195835,12,17.1758,43.8515,1
699,2004-02-29,01:09:19.924293,12,17.2052,43.8183,1
700,2004-02-29,01:09:52.88434,12,17.1954,43.7851,1
701,2004-02-29,01:12:22.525718,12,17.166,43.9512,1
702,2004-02-29,01:13:48.881433,12,17.1268,43.9844,1
703,2004-02-29,01:14:50.01558,12,17.1268,43.918,1
704,2004-02-29,01:17:22.450788,12,17.117,43.9844,1
705,2004-02-29,01:19:18.262996,12,17.1072,43.9844,1
706,2004-02-29,01:19:53.448707,12,17.117,43.9844,1
707,2004-02-29,01:22:18.858744,12,17.0876,44.0508,1
708,2004-02-29,01:24:18.527126,12,17.0876,44.0508,1
709,2004-02-29,01:26:18.399762,12,17.067999999999998,44.1172,1
710,2004-02-29,01:27:19.122606,12,17.067999999999998,44.1172,1
711,2004-02-29,01:28:20.193389,12,17.0582,44.1172,1
712,2004-02-29,01:31:48.254462,12,17.0484,44.084,1
713,2004-02-29,01:32:18.258932,12,17.0288,44.1172,1
714,2004-02-29,01:32:48.260152,12,17.0386,44.0508,1
715,2004-02-29,01:35:20.527705,12,17.0288,44.1172,1
716,2004-02-29,01:35:50.568657,12,17.0288,44.1172,1
717,2004-02-29,01:36:19.96847,12,17.0288,44.1172,1
718,2004-02-29,01:36:57.21851,12,17.0288,44.1172,1
719,2004-02-29,01:37:53.736387,12,17.0288,44.1504,1
720,2004-02-29,01:39:26.936064,12,17.0092,44.1836,1
721,2004-02-29,01:39:54.717081,12,17.0092,44.1836,1
722,2004-02-29,01:40:21.68792,12,17.0092,44.1836,1
723,2004-02-29,01:40:51.361645,12,17.0092,44.2168,1
724,2004-02-29,01:44:48.918186,12,16.9602,44.3162,1
725,2004-02-29,01:45:24.328429,12,16.9504,44.3162,1
726,2004-02-29,01:48:23.443789,12,16.9308,44.3494,1
727,2004-02-29,01:49:25.981023,12,16.9406,44.3825,1
728,2004-02-29,01:49:48.229325,12,16.921,44.3825,1
729,2004-02-29,01:51:19.553294,12,16.9308,44.3825,1
730,2004-02-29,01:51:50.321459,12,16.921,44.3494,1
731,2004-02-29,01:52:55.466544,12,16.921,44.3494,1
732,2004-02-29,01:55:51.319703,12,16.8818,44.4488,1
733,2004-02-29,01:56:18.900734,12,16.8916,44.4157,1
734,2004-02-29,01:57:19.511019,12,16.8916,44.4488,1
735,2004-02-29,01:57:53.18272,12,16.8916,44.4488,1
736,2004-02-29,01:59:23.098809,12,16.872,44.4819,1
737,2004-02-29,02:00:18.894506,12,16.872,44.5151,1
738,2004-02-29,02:01:22.951035,12,16.8818,44.5151,1
739,2004-02-29,02:02:20.539703,12,16.8524,44.5151,1
740,2004-02-29,02:02:49.653996,12,16.8524,44.5482,1
741,2004-02-29,02:04:24.400157,12,16.8328,44.6144,1
742,2004-02-29,02:04:53.327596,12,16.8328,44.5813,1
743,2004-02-29,02:05:21.009225,12,16.8328,44.5813,1
744,2004-02-29,02:05:49.406414,12,16.8328,44.6144,1
745,2004-02-29,02:08:20.898078,12,16.7936,44.6475,1
746,2004-02-29,02:09:25.557255,12,16.8034,44.6806,1
747,2004-02-29,02:11:49.124269,12,16.774,44.7137,1
748,2004-02-29,02:15:21.030022,12,16.7936,44.6475,1
749,2004-02-29,02:16:55.629394,12,16.7446,44.7467,1
750,2004-02-29,02:18:23.552614,12,16.7446,44.7798,1
751,2004-02-29,02:18:49.626705,12,16.7446,44.7798,1
752,2004-02-29,02:21:20.000498,12,16.7446,44.7798,1
753,2004-02-29,02:21:50.980699,12,16.7348,44.8129,1
754,2004-02-29,02:22:20.564016,12,16.7348,44.846,1
755,2004-02-29,02:24:49.309091,12,16.6956,44.9121,1
756,2004-02-29,02:27:22.948714,12,16.6956,44.9121,1
757,2004-02-29,02:29:56.661407,12,16.676,44.9121,1
758,2004-02-29,02:30:52.341701,12,16.6662,44.9121,1
759,2004-02-29,02:31:53.059942,12,16.6466,44.9451,1
760,2004-02-29,02:32:50.515534,12,16.6368,44.9782,1
761,2004-02-29,02:33:23.20925,12,16.6368,44.9782,1
762,2004-02-29,02:33:49.952678,12,16.6172,45.0442,1
763,2004-02-29,02:34:50.274804,12,16.5976,45.0773,1
764,2004-02-29,02:36:19.384624,12,16.5976,45.1103,1
765,2004-02-29,02:38:24.439673,12,16.5976,45.1103,1
766,2004-02-29,02:39:54.03398,12,16.578,45.1103,1
767,2004-02-29,02:41:52.884074,12,16.5584,45.2093,1
768,2004-02-29,02:44:20.589124,12,16.5486,45.2423,1
769,2004-02-29,02:44:51.525325,12,16.5682,45.2093,1
770,2004-02-29,02:45:18.942311,12,16.5486,45.2753,1
771,2004-02-29,02:45:48.366521,12,16.5486,45.2423,1
772,2004-02-29,02:46:18.376284,12,16.5486,45.2423,1
773,2004-02-29,02:46:49.242082,12,16.5388,45.3083,1
774,2004-02-29,02:47:56.588307,12,16.5192,45.3083,1
775,2004-02-29,02:49:53.815444,12,16.5192,45.3083,1
776,2004-02-29,02:51:56.496408,12,16.4996,45.3743,1
777,2004-02-29,02:52:54.966703,12,16.48,45.3743,1
778,2004-02-29,02:53:50.992014,12,16.4702,45.4072,1
779,2004-02-29,02:54:18.60587,12,16.4604,45.3743,1
780,2004-02-29,02:54:50.509579,12,16.4604,45.4402,1
781,2004-02-29,02:55:22.340258,12,16.4408,45.4402,1
782,2004-02-29,02:56:25.798163,12,16.4604,45.4402,1
783,2004-02-29,02:57:51.266831,12,16.4408,45.4732,1
784,2004-02-29,03:02:19.03599,12,16.4114,45.7037,1
785,2004-02-29,03:02:49.431904,12,16.4114,45.6379,1
786,2004-02-29,03:07:21.077641,12,16.4212,45.6379,1
787,2004-02-29,03:08:19.484723,12,16.4016,45.7037,1
788,2004-02-29,03:08:48.515158,12,16.4016,45.6708,1
789,2004-02-29,03:09:20.030368,12,16.382,45.6379,1
790,2004-02-29,03:09:53.387826,12,16.3918,45.6708,1
791,2004-02-29,03:10:18.608956,12,16.382,45.7037,1
792,2004-02-29,03:11:18.440648,12,16.3624,45.7366,1
793,2004-02-29,03:12:51.983052,12,16.3526,45.7366,1
794,2004-02-29,03:13:50.48961,12,16.3526,45.8024,1
795,2004-02-29,03:14:19.483722,12,16.333,45.7695,1
796,2004-02-29,03:16:49.035817,12,16.3428,45.8353,1
797,2004-02-29,03:18:27.042566,12,16.3232,45.8353,1
798,2004-02-29,03:18:50.37712,12,16.333,45.9011,1
799,2004-02-29,03:19:51.522089,12,16.3134,45.9011,1
800,2004-02-29,03:21:20.941429,12,16.3134,45.934,1
801,2004-02-29,03:21:49.392341,12,16.3036,45.9669,1
802,2004-02-29,03:22:49.030657,12,16.3232,45.9011,1
803,2004-02-29,03:24:25.031321,12,16.3036,45.9011,1
804,2004-02-29,03:26:19.580537,12,16.2938,46.0655,1
805,2004-02-29,03:27:51.688362,12,16.284000000000002,46.0326,1
806,2004-02-29,03:28:52.226417,12,16.284000000000002,46.0655,1
807,2004-02-29,03:29:19.10135,12,16.2644,46.0655,1
808,2004-02-29,03:32:24.15767,12,16.2644,46.0655,1
809,2004-02-29,03:33:54.916181,12,16.2644,46.0655,1
810,2004-02-29,03:34:19.800698,12,16.2644,46.0655,1
811,2004-02-29,03:36:23.497994,12,16.2742,46.0655,1
812,2004-02-29,03:36:54.011628,12,16.284000000000002,46.0326,1
813,2004-02-29,03:38:21.779918,12,16.2546,46.0655,1
814,2004-02-29,03:40:51.635003,12,16.2448,46.0655,1
815,2004-02-29,03:41:22.546073,12,16.2252,46.0655,1
816,2004-02-29,03:41:53.900107,12,16.2252,46.0655,1
817,2004-02-29,03:44:18.509243,12,16.2154,46.0655,1
818,2004-02-29,03:46:21.820817,12,16.1958,46.0983,1
819,2004-02-29,03:48:18.401147,12,16.2056,46.1312,1
820,2004-02-29,03:49:56.199472,12,16.186,46.1968,1
821,2004-02-29,03:50:18.407704,12,16.1762,46.1968,1
822,2004-02-29,03:51:24.069338,12,16.1762,46.2297,1
823,2004-02-29,03:55:18.541069,12,16.1762,46.2953,1
824,2004-02-29,03:56:19.360677,12,16.1566,46.3281,1
825,2004-02-29,04:00:22.809782,12,16.137,46.4265,1
826,2004-02-29,04:01:51.903005,12,16.1272,46.4265,1
827,2004-02-29,04:03:25.247139,12,16.1272,46.4593,1
828,2004-02-29,04:04:18.445309,12,16.0978,46.5249,1
829,2004-02-29,04:04:48.450032,12,16.0978,46.5249,1
830,2004-02-29,04:05:24.637251,12,16.1076,46.5577,1
831,2004-02-29,04:10:48.459588,12,16.088,46.5249,1
832,2004-02-29,04:11:18.457709,12,16.088,46.5577,1
833,2004-02-29,04:13:49.562793,12,16.0684,46.5905,1
834,2004-02-29,04:14:18.514967,12,16.0684,46.6232,1
835,2004-02-29,04:15:48.474053,12,16.0488,46.65600000000001,1
836,2004-02-29,04:16:19.492444,12,16.0586,46.6887,1
837,2004-02-29,04:18:24.475555,12,16.0586,46.6887,1
838,2004-02-29,04:19:25.034129,12,16.0684,46.6887,1
839,2004-02-29,04:20:19.506309,12,16.0488,46.7542,1
840,2004-02-29,04:20:49.96699,12,71.92873222039782,112.94617437767334,-1
841,2004-02-29,04:21:19.137982,12,16.0488,46.7869,1
842,2004-02-29,04:21:50.635594,12,16.039,46.7542,1
843,2004-02-29,04:22:23.577296,12,16.039,46.7542,1
844,2004-02-29,04:22:49.550757,12,16.0292,46.7869,1
845,2004-02-29,04:23:19.196363,12,16.039,46.8197,1
846,2004-02-29,04:23:49.197526,12,16.0292,46.7869,1
847,2004-02-29,04:25:21.016277,12,16.039,46.8197,1
848,2004-02-29,04:27:19.571507,12,16.0488,46.7542,1
849,2004-02-29,04:27:52.753019,12,16.0292,46.7542,1
850,2004-02-29,04:28:19.765672,12,59.98146267402737,117.87606462292631,-1
851,2004-02-29,04:28:49.196681,12,16.0292,46.7869,1
852,2004-02-29,04:32:21.54066,12,16.0096,46.8197,1
853,2004-02-29,04:33:23.222723,12,15.9998,46.8851,1
854,2004-02-29,04:33:53.027992,12,16.0096,46.8851,1
855,2004-02-29,04:34:49.33514,12,15.99,46.8851,1
856,2004-02-29,04:36:21.298816,12,15.9998,46.9505,1
857,2004-02-29,04:39:18.543903,12,15.9802,46.9832,1
858,2004-02-29,04:41:51.031979,12,15.9508,47.0486,1
859,2004-02-29,04:42:22.131238,12,15.9606,47.0486,1
860,2004-02-29,04:43:50.894403,12,15.9606,47.0813,1
861,2004-02-29,04:44:52.566274,12,15.9508,47.0813,1
862,2004-02-29,04:45:49.502885,12,15.9214,47.1467,1
863,2004-02-29,04:46:52.290377,12,15.9214,47.1467,1
864,2004-02-29,04:47:49.850057,12,15.9312,47.1467,1
865,2004-02-29,04:48:21.747699,12,15.9312,47.1467,1
866,2004-02-29,04:48:49.742422,12,15.9116,47.1793,1
867,2004-02-29,04:49:21.625479,12,15.9116,47.212,1
868,2004-02-29,04:50:18.767472,12,15.9116,47.2447,1
869,2004-02-29,04:53:19.883685,12,15.892,47.2773,1
870,2004-02-29,04:57:19.427119,12,15.8822,47.31,1
871,2004-02-29,04:57:53.12306,12,15.892,47.3426,1
872,2004-02-29,05:00:20.481512,12,15.8822,47.3752,1
873,2004-02-29,05:01:19.404771,12,15.8822,47.4079,1
874,2004-02-29,05:02:19.739024,12,15.8626,47.3752,1
875,2004-02-29,05:03:20.456852,12,15.892,47.3426,1
876,2004-02-29,05:04:20.366222,12,15.8724,47.3426,1
877,2004-02-29,05:05:19.79423,12,15.8724,47.4079,1
878,2004-02-29,05:06:21.133079,12,15.843,47.4079,1
879,2004-02-29,05:06:54.445029,12,15.8528,47.4405,1
880,2004-02-29,05:07:51.977716,12,15.8528,47.4079,1
881,2004-02-29,05:10:51.599609,12,15.8528,47.4731,1
882,2004-02-29,05:11:21.195548,12,15.8528,47.4731,1
883,2004-02-29,05:12:20.522606,12,15.8332,47.4731,1
884,2004-02-29,05:13:49.609254,12,15.8038,47.5383,1
885,2004-02-29,05:14:18.631344,12,15.8136,47.5383,1
886,2004-02-29,05:16:18.644676,12,15.8332,47.6035,1
887,2004-02-29,05:17:22.268506,12,15.8234,47.5709,1
888,2004-02-29,05:19:49.098552,12,15.8038,47.5709,1
889,2004-02-29,05:20:19.559699,12,15.794,47.6035,1
890,2004-02-29,05:21:18.526776,12,15.8136,47.6035,1
891,2004-02-29,05:22:19.72617,12,15.8038,47.6035,1
892,2004-02-29,05:22:51.098026,12,15.794,47.6035,1
893,2004-02-29,05:23:19.925153,12,15.794,47.6361,1
894,2004-02-29,05:23:49.286146,12,15.794,47.6035,1
895,2004-02-29,05:24:20.79243,12,15.794,47.6361,1
896,2004-02-29,05:25:22.232542,12,15.7744,47.6687,1
897,2004-02-29,05:25:57.313276,12,15.7646,47.6687,1
898,2004-02-29,05:26:54.141124,12,15.7646,47.7013,1
899,2004-02-29,05:30:19.266791,12,15.7646,47.7338,1
900,2004-02-29,05:31:20.491564,12,15.7744,47.7664,1
901,2004-02-29,05:32:55.334825,12,15.7548,47.7338,1
902,2004-02-29,05:34:20.407718,12,15.7352,47.8315,1
903,2004-02-29,05:34:49.191289,12,15.7352,47.8315,1
904,2004-02-29,05:35:26.382319,12,15.7254,47.8641,1
905,2004-02-29,05:36:28.402064,12,15.7352,47.8641,1
906,2004-02-29,05:39:55.091897,12,15.7254,47.799,1
907,2004-02-29,05:40:19.867032,12,15.7254,47.8315,1
908,2004-02-29,05:41:24.925806,12,15.7156,47.8315,1
909,2004-02-29,05:41:48.973013,12,15.7254,47.8966,1
910,2004-02-29,05:49:21.863726,12,15.696,47.9292,1
911,2004-02-29,05:49:49.248765,12,15.6862,47.9942,1
912,2004-02-29,05:53:54.241287,12,15.6862,47.9942,1
913,2004-02-29,05:54:27.078951,12,15.6666,47.9942,1
914,2004-02-29,05:54:49.842525,12,15.6764,47.9942,1
915,2004-02-29,05:56:19.418279,12,15.6764,48.0267,1
916,2004-02-29,05:56:55.674028,12,15.6764,48.0593,1
917,2004-02-29,05:57:19.244841,12,15.6764,48.0267,1
918,2004-02-29,05:59:49.560259,12,15.6568,48.0918,1
919,2004-02-29,06:00:25.694141,12,15.647,48.0593,1
920,2004-02-29,06:01:23.319697,12,15.6372,48.0593,1
921,2004-02-29,06:01:56.41432,12,15.6274,48.0918,1
922,2004-02-29,06:04:52.860339,12,15.6078,48.2218,1
923,2004-02-29,06:05:49.961567,12,15.6176,48.1893,1
924,2004-02-29,06:07:54.863272,12,15.6176,48.3517,1
925,2004-02-29,06:08:48.997779,12,15.5784,48.3841,1
926,2004-02-29,06:09:49.760034,12,15.5882,48.3841,1
927,2004-02-29,06:10:55.466416,12,15.5784,48.3841,1
928,2004-02-29,06:11:19.428114,12,15.5784,48.3841,1
929,2004-02-29,06:14:18.732006,12,15.5098,48.5464,1
930,2004-02-29,06:16:20.503843,12,15.5196,48.5139,1
931,2004-02-29,06:16:51.724954,12,15.5196,48.5139,1
932,2004-02-29,06:17:49.84913,12,15.5196,48.5464,1
933,2004-02-29,06:19:49.453375,12,15.5196,48.6436,1
934,2004-02-29,06:20:51.193094,12,15.5098,48.5788,1
935,2004-02-29,06:22:22.680038,12,15.5098,48.5139,1
936,2004-02-29,06:23:48.758,12,15.5196,48.5464,1
937,2004-02-29,06:24:51.191309,12,15.5196,48.5139,1
938,2004-02-29,06:25:51.796085,12,15.5196,48.5139,1
939,2004-02-29,06:29:25.38256,12,15.5196,48.5464,1
940,2004-02-29,06:36:24.431727,12,15.5392,48.5139,1
941,2004-02-29,06:37:51.508009,12,15.5392,48.5788,1
942,2004-02-29,06:39:50.628683,12,15.5392,48.5464,1
943,2004-02-29,06:44:20.807485,12,15.5392,48.6436,1
944,2004-02-29,06:44:48.942239,12,15.5392,48.7732,1
945,2004-02-29,06:49:21.381539,12,15.598,48.6436,1
946,2004-02-29,06:52:21.997827,12,15.5784,48.7084,1
947,2004-02-29,06:56:23.426009,12,15.598,48.6436,1
948,2004-02-29,06:58:48.706736,12,15.598,48.676,1
949,2004-02-29,06:59:49.154401,12,15.5882,48.7084,1
950,2004-02-29,07:00:18.721032,12,15.5784,48.7084,1
951,2004-02-29,07:03:23.917851,12,38.910752654707494,104.54102099958399,-1
952,2004-02-29,07:03:48.848423,12,15.5588,48.7732,1
953,2004-02-29,07:06:22.334108,12,15.5686,48.7732,1
954,2004-02-29,07:08:51.971581,12,15.5588,48.8056,1
955,2004-02-29,07:09:56.646445,12,15.5588,48.838,1
956,2004-02-29,07:12:22.163294,12,15.549,48.8056,1
957,2004-02-29,07:14:20.742904,12,15.549,48.7732,1
958,2004-02-29,07:14:54.846749,12,15.5588,48.8056,1
959,2004-02-29,07:15:26.251253,12,15.5588,48.7732,1
960,2004-02-29,07:15:50.705856,12,15.5588,48.7732,1
961,2004-02-29,07:16:22.206929,12,15.5588,48.7732,1
962,2004-02-29,07:17:48.816111,12,15.5588,48.7732,1
963,2004-02-29,07:18:20.750987,12,15.5588,48.7732,1
964,2004-02-29,07:19:22.233087,12,15.5686,48.7732,1
965,2004-02-29,07:23:23.223497,12,15.5882,48.7732,1
966,2004-02-29,07:23:54.675225,12,15.5784,48.7732,1
967,2004-02-29,07:27:48.907766,12,15.5882,48.7408,1
968,2004-02-29,07:30:56.119705,12,15.6078,48.7084,1
969,2004-02-29,07:31:20.287652,12,15.6078,48.7084,1
970,2004-02-29,07:31:56.95888,12,15.598,48.7084,1
971,2004-02-29,07:32:51.285446,12,15.5784,48.7408,1
972,2004-02-29,07:33:24.364564,12,15.5784,48.7084,1
973,2004-02-29,07:33:48.792389,12,15.5588,48.7084,1
974,2004-02-29,07:34:55.513227,12,15.5784,48.7084,1
975,2004-02-29,07:35:21.852234,12,15.5784,48.7084,1
976,2004-02-29,07:36:22.05794,12,15.5686,48.7084,1
977,2004-02-29,07:37:01.312752,12,15.5686,48.7084,1
978,2004-02-29,07:37:53.537261,12,15.5588,48.7084,1
979,2004-02-29,07:38:25.412273,12,15.5784,48.7084,1
980,2004-02-29,07:41:18.946485,12,15.5784,48.7084,1
981,2004-02-29,07:42:22.003617,12,15.5784,48.7084,1
982,2004-02-29,07:43:55.277204,12,62.0951020661788,101.62225946886011,-1
983,2004-02-29,07:44:20.206513,12,15.6176,48.7084,1
984,2004-02-29,07:45:25.948345,12,15.598,48.7084,1
985,2004-02-29,07:45:50.840647,12,15.598,48.7084,1
986,2004-02-29,07:46:22.774727,12,15.6078,48.7084,1
987,2004-02-29,07:47:52.691543,12,15.5882,48.7408,1
988,2004-02-29,07:48:18.769628,12,15.598,48.7408,1
989,2004-02-29,07:48:53.707246,12,15.5784,48.7084,1
990,2004-02-29,07:49:49.022697,12,15.5882,48.7084,1
991,2004-02-29,07:50:21.08924,12,15.6078,48.676,1
992,2004-02-29,07:50:50.632289,12,15.6078,48.676,1
993,2004-02-29,07:52:20.918807,12,15.598,48.6436,1
994,2004-02-29,07:53:50.559968,12,15.598,48.676,1
995,2004-02-29,07:55:20.221592,12,15.598,48.676,1
996,2004-02-29,07:56:50.636136,12,15.598,48.6436,1
997,2004-02-29,07:57:22.617497,12,15.6078,48.6436,1
998,2004-02-29,07:58:20.169251,12,15.6274,48.5788,1
999,2004-02-29,07:59:19.695118,12,15.6274,48.5788,1
1000,2004-02-29,08:02:48.863516,12,15.7058,48.4166,1
1001,2004-02-29,08:04:26.705509,12,15.6862,48.449,1
1002,2004-02-29,08:07:20.010919,12,15.7156,48.3517,1
1003,2004-02-29,08:10:49.479776,12,15.7352,48.2867,1
1004,2004-02-29,08:14:49.496795,12,15.8136,48.1893,1
1005,2004-02-29,08:15:22.33612,12,15.8332,48.2867,1
1006,2004-02-29,08:16:49.504991,12,15.9508,47.9292,1
1007,2004-02-29,08:19:20.176627,12,16.0488,47.8315,1
1008,2004-02-29,08:19:50.007055,12,16.0586,47.9292,1
1009,2004-02-29,08:26:58.081818,12,16.2742,47.4731,1
1010,2004-02-29,08:27:49.994739,12,16.3134,47.5383,1
1011,2004-02-29,08:30:23.563477,12,16.4016,47.3752,1
1012,2004-02-29,08:30:49.924321,12,16.4016,47.2447,1
1013,2004-02-29,09:03:52.447383,12,17.1268,46.4921,1
1014,2004-02-29,09:20:23.881261,12,17.4306,46.0655,1
1015,2004-02-29,09:34:49.657914,12,17.6462,45.8353,1
1016,2004-02-29,09:38:50.173674,12,17.7148,45.7695,1
1017,2004-02-29,09:39:52.757431,12,17.6952,45.9011,1
1018,2004-02-29,09:40:19.057742,12,17.6854,45.8682,1
1019,2004-02-29,09:42:50.330797,12,17.6756,45.9011,1
1020,2004-02-29,09:45:28.91931,12,17.7148,45.9011,1
1021,2004-02-29,09:45:49.062886,12,17.705,45.8353,1
1022,2004-02-29,09:46:23.854661,12,17.705,45.8682,1
1023,2004-02-29,09:46:50.148991,12,17.705,45.8682,1
1024,2004-02-29,09:47:20.616543,12,17.7148,45.8024,1
1025,2004-02-29,09:49:24.825128,12,17.6952,45.9011,1
1026,2004-02-29,09:49:56.287317,12,17.6952,45.9011,1
1027,2004-02-29,09:51:50.352477,12,17.7148,45.8682,1
1028,2004-02-29,09:53:18.96137,12,17.7246,45.8682,1
1029,2004-02-29,09:54:52.881976,12,17.7148,45.9011,1
1030,2004-02-29,14:07:55.859973,12,19.7042,43.8515,1
1031,2004-02-29,14:08:21.191746,12,19.7042,43.8848,1
1032,2004-02-29,14:09:25.920074,12,19.714,43.8515,1
1033,2004-02-29,14:09:53.299342,12,19.6944,43.8848,1
1034,2004-02-29,14:10:21.035147,12,19.6846,43.9512,1
1035,2004-02-29,14:11:25.628034,12,19.6944,43.918,1
1036,2004-02-29,14:13:51.94957,12,19.6552,43.9512,1
1037,2004-02-29,14:53:49.769965,12,19.812,44.084,1
1038,2004-02-29,14:54:27.106265,12,19.8022,44.0176,1
1039,2004-02-29,14:56:22.270213,12,19.763,43.9512,1
1040,2004-02-29,15:00:26.108651,12,19.7434,44.084,1
1041,2004-02-29,15:01:22.940469,12,19.7532,44.0508,1
1042,2004-02-29,15:02:58.176414,12,19.7728,43.7851,1
1043,2004-02-29,15:03:52.548434,12,19.7826,43.7186,1
1044,2004-02-29,15:04:56.627822,12,19.7924,43.7186,1
1045,2004-02-29,15:08:54.258911,12,19.7728,43.918,1
1046,2004-02-29,15:09:50.540778,12,19.7728,43.9844,1
1047,2004-02-29,15:13:55.185177,12,19.7238,44.2499,1
1048,2004-02-29,15:14:26.519226,12,19.7042,44.1836,1
1049,2004-02-29,15:15:19.536646,12,19.7042,44.3825,1
1050,2004-02-29,15:15:51.514405,12,19.6944,44.4488,1
1051,2004-02-29,15:16:24.457267,12,19.714,44.3825,1
1052,2004-02-29,15:17:20.207533,12,19.7336,44.1172,1
1053,2004-02-29,15:18:55.126427,12,19.714,44.0508,1
1054,2004-02-29,15:19:30.001016,12,19.7336,44.1836,1
1055,2004-02-29,15:19:54.124308,12,19.7336,44.2499,1
1056,2004-02-29,15:20:24.923753,12,19.7434,44.2499,1
1057,2004-02-29,15:20:49.628455,12,19.7336,44.2168,1
1058,2004-02-29,15:22:03.845488,12,19.714,44.3494,1
1059,2004-02-29,15:22:50.466077,12,19.7042,44.2831,1
1060,2004-02-29,15:23:20.576019,12,55.70512909871731,99.60000152572934,-1
1061,2004-02-29,15:23:56.941457,12,19.714,44.3162,1
1062,2004-02-29,15:25:28.379868,12,19.7336,44.3494,1
1063,2004-02-29,15:31:58.223623,12,19.6748,44.4157,1
1064,2004-02-29,15:34:22.18818,12,19.6748,44.4488,1
1065,2004-02-29,15:37:19.815422,12,19.6748,44.2499,1
1066,2004-02-29,15:41:49.623397,12,19.6356,44.1504,1
1067,2004-02-29,15:42:19.618558,12,19.616,44.2831,1
1068,2004-02-29,15:42:50.639126,12,19.6062,44.3162,1
1069,2004-02-29,15:43:19.646629,12,19.5964,44.4488,1
1070,2004-02-29,15:45:50.571654,12,19.5572,44.5482,1
1071,2004-02-29,15:48:26.996991,12,19.5376,44.3825,1
1072,2004-02-29,15:52:19.638189,12,19.4788,44.3494,1
1073,2004-02-29,15:55:55.502317,12,19.4494,44.3162,1
1074,2004-02-29,15:56:20.39281,12,19.4494,44.3162,1
1075,2004-02-29,15:58:55.211035,12,19.42,44.3825,1
1076,2004-02-29,15:59:21.162886,12,19.42,44.3494,1
1077,2004-02-29,16:02:57.326749,12,19.3808,44.3494,1
1078,2004-02-29,16:03:21.957596,12,57.84757563267095,103.63412202810096,-1
1079,2004-02-29,16:04:23.013222,12,19.371,44.3162,1
1080,2004-02-29,16:09:20.453249,12,19.2436,44.5151,1
1081,2004-02-29,16:11:31.076898,12,19.175,44.7798,1
1082,2004-02-29,16:12:53.792332,12,19.1554,44.6475,1
1083,2004-02-29,16:14:54.041246,12,19.126,44.5151,1
1084,2004-02-29,16:15:58.135675,12,19.1456,44.5482,1
1085,2004-02-29,16:16:30.688825,12,19.1456,44.5151,1
1086,2004-02-29,16:18:28.040067,12,19.1652,44.5151,1
1087,2004-02-29,16:24:27.617648,12,19.1064,44.5482,1
1088,2004-02-29,16:26:50.200782,12,19.1064,44.5813,1
1089,2004-02-29,16:29:24.983649,12,19.0672,44.6144,1
1090,2004-02-29,16:29:51.441895,12,19.0868,44.6475,1
1091,2004-02-29,16:31:24.639399,12,19.0672,44.5813,1
1092,2004-02-29,16:33:22.239176,12,19.0868,44.5813,1
1093,2004-02-29,16:34:03.178454,12,19.0868,44.5151,1
1094,2004-02-29,16:37:03.350213,12,19.0966,44.4488,1
1095,2004-02-29,16:37:27.959478,12,19.1064,44.5151,1
1096,2004-02-29,16:38:50.74169,12,19.077,44.5482,1
1097,2004-02-29,16:39:28.457679,12,19.0868,44.4488,1
1098,2004-02-29,16:40:24.623554,12,19.0868,44.4488,1
1099,2004-02-29,16:41:49.742813,12,19.0672,44.4819,1
1100,2004-02-29,16:44:21.443374,12,19.028,44.6144,1
1101,2004-02-29,16:44:56.384001,12,19.0182,44.6806,1
1102,2004-02-29,16:45:19.707853,12,19.028,44.7137,1
1103,2004-02-29,16:47:31.098367,12,18.9888,44.7467,1
1104,2004-02-29,16:47:53.958901,12,18.9888,44.7137,1
1105,2004-02-29,16:49:27.567979,12,19.0084,44.6475,1
1106,2004-02-29,16:49:58.371602,12,18.9888,44.7137,1
1107,2004-02-29,16:50:28.684185,12,18.9888,44.6806,1
1108,2004-02-29,16:54:25.93229,12,18.9888,44.6144,1
1109,2004-02-29,16:56:28.437168,12,18.9692,44.5151,1
1110,2004-02-29,16:56:49.733363,12,18.9496,44.5813,1
1111,2004-02-29,16:57:27.444266,12,18.9496,44.5813,1
1112,2004-02-29,17:03:03.015929,12,18.9104,44.7137,1
1113,2004-02-29,17:05:19.756084,12,18.9202,44.7467,1
1114,2004-02-29,17:09:50.102334,12,18.9104,44.7467,1
1115,2004-02-29,17:10:22.388436,12,18.8908,44.6806,1
1116,2004-02-29,17:11:24.820569,12,18.9202,44.7798,1
1117,2004-02-29,17:11:54.718155,12,18.9104,44.8129,1
1118,2004-02-29,17:16:01.066513,12,18.832,44.846,1
1119,2004-02-29,17:17:00.192032,12,18.8614,44.8129,1
1120,2004-02-29,17:18:00.800646,12,18.8516,44.6806,1
1121,2004-02-29,17:18:19.868306,12,18.8516,44.7137,1
1122,2004-02-29,17:20:49.821081,12,18.8222,44.7137,1
1123,2004-02-29,17:24:29.388228,12,18.8712,44.6144,1
1124,2004-02-29,17:25:25.875854,12,18.8418,44.6475,1
1125,2004-02-29,17:26:32.898197,12,18.8516,44.6475,1
1126,2004-02-29,17:27:22.240426,12,18.8614,44.6475,1
1127,2004-02-29,17:29:49.750691,12,18.8222,44.6475,1
1128,2004-02-29,17:30:19.759509,12,57.600970885917874,95.8439121075737,-1
1129,2004-02-29,17:31:50.472058,12,18.8124,44.7137,1
1130,2004-02-29,17:32:55.151238,12,18.7928,44.6475,1
1131,2004-02-29,17:35:22.318981,12,18.8124,44.7137,1
1132,2004-02-29,17:37:50.915382,12,18.7634,44.7798,1
1133,2004-02-29,17:40:28.312617,12,18.7046,44.7798,1
1134,2004-02-29,17:41:00.84339,12,56.15555404336365,107.76421634756917,-1
1135,2004-02-29,17:42:20.804726,12,18.6948,44.846,1
1136,2004-02-29,17:45:02.212205,12,18.7046,44.846,1
1137,2004-02-29,17:49:01.566897,12,18.7242,44.846,1
1138,2004-02-29,17:49:28.488569,12,18.7046,44.846,1
1139,2004-02-29,17:49:53.480274,12,18.685,44.9121,1
1140,2004-02-29,17:51:00.393487,12,18.6654,44.9782,1
1141,2004-02-29,17:54:20.985157,12,18.6752,44.846,1
1142,2004-02-29,17:54:50.597528,12,18.6654,44.846,1
1143,2004-02-29,17:56:25.369404,12,18.636,44.9121,1
1144,2004-02-29,17:57:21.466722,12,18.636,44.846,1
1145,2004-02-29,17:57:50.79266,12,18.636,44.846,1
1146,2004-02-29,17:58:20.777058,12,18.6458,44.846,1
1147,2004-02-29,17:58:56.094523,12,18.6164,44.846,1
1148,2004-02-29,17:59:20.746891,12,18.636,44.7467,1
1149,2004-02-29,17:59:51.976518,12,18.636,44.846,1
1150,2004-02-29,18:00:27.050324,12,18.636,44.7137,1
1151,2004-02-29,18:02:49.897037,12,18.5968,44.846,1
1152,2004-02-29,18:04:58.486949,12,18.5772,44.9121,1
1153,2004-02-29,18:07:20.442787,12,18.5674,44.846,1
1154,2004-02-29,18:08:49.844438,12,18.5576,44.9782,1
1155,2004-02-29,18:09:57.712461,12,18.5576,44.9121,1
1156,2004-02-29,18:14:53.485979,12,18.5184,44.9451,1
1157,2004-02-29,18:15:26.921466,12,18.5282,44.9121,1
1158,2004-02-29,18:19:19.747054,12,18.489,44.846,1
1159,2004-02-29,18:20:19.871621,12,18.4694,44.9121,1
1160,2004-02-29,18:21:50.02287,12,18.4204,44.9782,1
1161,2004-02-29,18:22:51.511882,12,18.3812,45.1103,1
1162,2004-02-29,18:24:20.819378,12,18.3616,45.0112,1
1163,2004-02-29,18:25:24.754195,12,18.3714,45.0442,1
1164,2004-02-29,18:25:50.669269,12,18.3518,45.0773,1
1165,2004-02-29,18:27:26.455778,12,18.3714,45.0773,1
1166,2004-02-29,18:31:19.779568,12,18.3812,45.0112,1
1167,2004-02-29,18:33:21.519377,12,18.3714,44.9782,1
1168,2004-02-29,18:35:51.940294,12,18.342,44.9121,1
1169,2004-02-29,18:37:20.927541,12,18.3616,44.9451,1
1170,2004-02-29,18:39:52.258496,12,18.342,44.9782,1
1171,2004-02-29,18:40:20.813696,12,18.3322,44.9121,1
1172,2004-02-29,18:40:52.447155,12,18.3224,44.9782,1
1173,2004-02-29,18:41:26.841737,12,18.3224,44.879,1
1174,2004-02-29,18:42:20.351658,12,18.3028,44.9451,1
1175,2004-02-29,18:45:31.344412,12,18.293,44.9121,1
1176,2004-02-29,18:46:57.744894,12,18.3224,44.9121,1
1177,2004-02-29,18:47:19.885519,12,18.3224,44.846,1
1178,2004-02-29,18:54:56.40359,12,18.3028,44.9121,1
1179,2004-02-29,18:55:54.344787,12,18.293,44.879,1
1180,2004-02-29,18:57:02.33758,12,18.293,44.7798,1
1181,2004-02-29,18:57:22.48711,12,18.293,44.846,1
1182,2004-02-29,19:00:20.973544,12,18.2832,44.846,1
1183,2004-02-29,19:02:23.482083,12,18.2636,44.879,1
1184,2004-02-29,19:03:33.877083,12,18.2636,44.8129,1
1185,2004-02-29,19:04:24.743678,12,18.293,44.7798,1
1186,2004-02-29,19:04:53.891684,12,18.293,44.7798,1
1187,2004-02-29,19:06:00.363859,12,18.2832,44.7798,1
1188,2004-02-29,19:06:26.422988,12,18.2832,44.8129,1
1189,2004-02-29,19:07:51.26016,12,18.244,44.9782,1
1190,2004-02-29,19:11:56.376062,12,18.2538,44.879,1
1191,2004-02-29,19:13:52.062608,12,18.244,44.9121,1
1192,2004-02-29,19:14:22.457355,12,18.244,44.9121,1
1193,2004-02-29,19:17:50.766375,12,50.22013011901974,106.07312142470545,-1
1194,2004-02-29,19:20:55.432682,12,18.1068,45.3413,1
1195,2004-02-29,19:21:24.417031,12,18.097,45.2753,1
1196,2004-02-29,19:27:57.22714,12,18.2048,44.9121,1
1197,2004-02-29,19:29:20.501622,12,18.2244,44.9451,1
1198,2004-02-29,19:33:25.315237,12,18.2146,44.9782,1
1199,2004-02-29,19:35:57.69622,12,18.2244,44.9121,1
1200,2004-02-29,19:36:51.097785,12,18.2244,44.9121,1
1201,2004-02-29,19:38:21.138913,12,18.244,44.879,1
1202,2004-02-29,19:40:27.718071,12,18.2342,44.846,1
1203,2004-02-29,19:41:58.919718,12,18.2244,44.7798,1
1204,2004-02-29,19:43:54.539942,12,18.2244,44.879,1
1205,2004-02-29,19:47:29.78721,12,18.244,44.7798,1
1206,2004-02-29,19:52:06.759217,12,18.1852,44.9782,1
1207,2004-02-29,19:52:58.552026,12,18.1852,44.879,1
1208,2004-02-29,19:53:21.135891,12,18.195,44.9451,1
1209,2004-02-29,19:54:25.15557,12,18.1656,44.9451,1
1210,2004-02-29,19:55:23.867821,12,18.1754,44.9121,1
1211,2004-02-29,19:55:50.180001,12,18.1754,44.9121,1
1212,2004-02-29,19:58:50.522045,12,18.195,44.9121,1
1213,2004-02-29,20:02:29.69793,12,18.1852,44.846,1
1214,2004-02-29,20:04:53.766372,12,18.146,44.9121,1
1215,2004-02-29,20:07:23.391533,12,18.146,44.9782,1
1216,2004-02-29,20:10:24.534158,12,18.146,44.9451,1
1217,2004-02-29,20:11:00.441413,12,18.1362,45.0112,1
1218,2004-02-29,20:14:23.945014,12,18.1264,44.9782,1
1219,2004-02-29,20:14:55.856844,12,18.146,44.9451,1
1220,2004-02-29,20:15:20.080639,12,18.146,44.9451,1
1221,2004-02-29,20:16:30.430982,12,18.1264,44.9782,1
1222,2004-02-29,20:21:51.073238,12,18.1264,44.879,1
1223,2004-02-29,20:22:35.169079,12,18.146,44.879,1
1224,2004-02-29,20:24:22.96701,12,18.1166,44.9782,1
1225,2004-02-29,20:27:31.034243,12,18.1362,44.879,1
1226,2004-02-29,20:29:20.480922,12,18.1166,44.879,1
1227,2004-02-29,20:31:52.248166,12,18.1068,44.9451,1
1228,2004-02-29,20:32:20.753722,12,18.0774,44.9451,1
1229,2004-02-29,20:33:51.027184,12,18.0872,45.0112,1
1230,2004-02-29,20:35:23.6854,12,18.0774,44.9451,1
1231,2004-02-29,20:35:56.580937,12,18.0872,44.879,1
1232,2004-02-29,20:36:59.302125,12,18.0872,44.9451,1
1233,2004-02-29,20:37:22.352216,12,18.0774,44.9121,1
1234,2004-02-29,20:45:26.642052,12,18.0382,44.9782,1
1235,2004-02-29,20:46:29.929947,12,18.048,44.9782,1
1236,2004-02-29,20:48:50.894156,12,18.048,44.9121,1
1237,2004-02-29,20:49:50.180891,12,18.0284,45.1103,1
1238,2004-02-29,20:51:50.732415,12,18.0088,45.0442,1
1239,2004-02-29,20:52:21.239638,12,17.9794,45.1103,1
1240,2004-02-29,20:53:27.777228,12,17.9304,45.2753,1
1241,2004-02-29,20:54:21.210887,12,17.9402,45.3083,1
1242,2004-02-29,20:54:51.901354,12,17.95,45.2423,1
1243,2004-02-29,20:55:20.774717,12,17.9598,45.1763,1
1244,2004-02-29,20:55:50.07462,12,17.9696,45.1103,1
1245,2004-02-29,20:57:26.8765,12,17.999000000000006,45.0442,1
1246,2004-02-29,20:58:20.805528,12,17.9892,45.0442,1
1247,2004-02-29,21:00:22.971542,12,18.0088,44.9782,1
1248,2004-02-29,21:00:59.482229,12,17.999000000000006,44.9782,1
1249,2004-02-29,21:02:30.785078,12,18.0186,44.9121,1
1250,2004-02-29,21:05:19.971802,12,17.95,45.1433,1
1251,2004-02-29,21:06:20.790838,12,17.9598,45.1763,1
1252,2004-02-29,21:09:20.965083,12,17.9696,45.1103,1
1253,2004-02-29,21:11:21.274103,12,17.9892,45.1763,1
1254,2004-02-29,21:11:50.306465,12,17.9892,45.1103,1
1255,2004-02-29,21:12:49.985156,12,17.999000000000006,45.0773,1
1256,2004-02-29,21:14:50.030564,12,18.0088,45.0773,1
1257,2004-02-29,21:19:21.15997,12,18.0186,45.0442,1
1258,2004-02-29,21:25:28.608081,12,17.9892,45.0442,1
1259,2004-02-29,21:26:30.728797,12,17.9892,45.1103,1
1260,2004-02-29,21:27:55.983288,12,17.9892,45.0442,1
1261,2004-02-29,21:29:23.836124,12,17.999000000000006,45.0442,1
1262,2004-02-29,21:30:21.135185,12,17.9892,45.0442,1
1263,2004-02-29,21:32:20.918072,12,17.9794,45.0442,1
1264,2004-02-29,21:32:50.792844,12,17.9794,45.1103,1
1265,2004-02-29,21:33:51.285874,12,17.9892,45.1103,1
1266,2004-02-29,21:34:25.944369,12,17.9892,45.1103,1
1267,2004-02-29,21:34:50.047344,12,17.9696,45.1103,1
1268,2004-02-29,21:37:03.090717,12,17.9892,45.0773,1
1269,2004-02-29,21:41:50.072524,12,17.999000000000006,44.9782,1
1270,2004-02-29,21:42:31.383036,12,17.9892,45.0773,1
1271,2004-02-29,21:44:51.353596,12,17.9696,45.0442,1
1272,2004-02-29,21:46:01.632775,12,17.9696,44.9782,1
1273,2004-02-29,21:46:22.100918,12,17.9696,45.0442,1
1274,2004-02-29,21:47:22.466527,12,17.9696,45.0442,1
1275,2004-02-29,21:47:50.887141,12,17.95,45.1103,1
1276,2004-02-29,21:48:20.997054,12,17.9402,45.1103,1
1277,2004-02-29,21:48:52.060334,12,17.95,45.0773,1
1278,2004-02-29,21:54:35.070499,12,17.9696,45.0442,1
1279,2004-02-29,21:55:50.785856,12,17.9598,45.1103,1
1280,2004-02-29,21:56:21.202918,12,17.9696,45.0442,1
1281,2004-02-29,21:56:50.905651,12,17.9696,45.1103,1
1282,2004-02-29,22:00:21.202284,12,17.9206,45.2093,1
1283,2004-02-29,22:03:57.787148,12,17.9304,45.0773,1
1284,2004-02-29,22:05:55.291016,12,17.9402,45.0442,1
1285,2004-02-29,22:09:30.690792,12,17.8716,45.2423,1
1286,2004-02-29,22:12:32.694605,12,17.9108,45.1433,1
1287,2004-02-29,22:17:31.796651,12,17.95,45.1103,1
1288,2004-02-29,22:24:20.408771,12,17.9108,45.1433,1
1289,2004-02-29,22:26:20.251718,12,17.9206,45.1103,1
1290,2004-02-29,22:28:56.039459,12,17.9206,45.1433,1
1291,2004-02-29,22:33:50.359673,12,17.9402,45.0773,1
1292,2004-02-29,22:34:29.683691,12,17.95,45.0773,1
1293,2004-02-29,22:35:33.681795,12,17.9402,45.0442,1
1294,2004-02-29,22:37:05.199081,12,17.95,45.0773,1
1295,2004-02-29,22:37:56.416748,12,17.95,45.0773,1
1296,2004-02-29,22:40:20.669524,12,17.95,45.0442,1
1297,2004-02-29,22:49:56.867424,12,17.8912,45.1433,1
1298,2004-02-29,22:50:30.876394,12,17.9108,45.1763,1
1299,2004-02-29,22:51:51.462163,12,17.8912,45.1103,1
1300,2004-02-29,22:56:04.238105,12,17.901,45.1763,1
1301,2004-02-29,23:04:29.056993,12,17.8912,45.1763,1
1302,2004-02-29,23:11:27.331714,12,17.8716,45.1103,1
1303,2004-02-29,23:12:03.366633,12,17.8716,45.1103,1
1304,2004-02-29,23:14:01.40499,12,17.8618,45.1433,1
1305,2004-02-29,23:15:32.086328,12,17.8618,45.1763,1
1306,2004-02-29,23:16:50.490495,12,17.852,45.1763,1
1307,2004-02-29,23:20:04.438269,12,17.8324,45.2423,1
1308,2004-02-29,23:20:20.246805,12,17.8422,45.1763,1
1309,2004-02-29,23:21:37.78889,12,17.8324,45.2423,1
1310,2004-02-29,23:21:50.25426,12,17.8324,45.2093,1
1311,2004-02-29,23:22:34.147499,12,17.8422,45.1763,1
1312,2004-02-29,23:24:03.894,12,17.8128,45.1763,1
1313,2004-02-29,23:24:32.245043,12,17.8128,45.1763,1
1314,2004-02-29,23:27:02.011762,12,17.8226,45.1763,1
1315,2004-02-29,23:27:21.346486,12,17.8128,45.2093,1
1316,2004-02-29,23:29:00.445577,12,17.8128,45.2093,1
1317,2004-02-29,23:30:21.164675,12,17.803,45.3083,1
1318,2004-02-29,23:32:32.381407,12,17.8128,45.2753,1
1319,2004-02-29,23:35:21.442157,12,17.8128,45.3083,1
1320,2004-02-29,23:37:50.577761,12,17.7834,45.3083,1
1321,2004-02-29,23:41:21.316773,12,17.7344,45.4402,1
1322,2004-02-29,23:42:53.303271,12,17.7442,45.4402,1
1323,2004-02-29,23:44:04.614011,12,47.02956115644517,104.20280428152734,-1
1324,2004-02-29,23:45:50.521286,12,17.7344,45.4732,1
1325,2004-02-29,23:47:51.122833,12,17.7638,45.3743,1
1326,2004-02-29,23:49:20.323841,12,17.7736,45.3743,1
1327,2004-02-29,23:51:03.097233,12,17.7736,45.3743,1
1328,2004-02-29,23:51:21.307225,12,17.7932,45.3083,1
1329,2004-02-29,23:52:02.054734,12,17.7932,45.3083,1
1330,2004-02-29,23:53:20.334854,12,17.754,45.4402,1
1331,2004-02-29,23:57:20.342918,12,17.7736,45.4072,1
1332,2004-02-29,23:59:01.321597,12,17.7638,45.3743,1
1333,2004-02-29,23:59:21.497227,12,17.754,45.3743,1
1334,2004-02-29,23:59:57.890821,12,17.7442,45.4402,1
