1,2004-02-28,01:05:16.488605,54,15.99,45.8024,1
2,2004-02-28,01:05:45.981877,54,15.9704,45.8682,1
3,2004-02-28,01:06:46.266551,54,15.9312,46.0326,1
4,2004-02-28,01:07:16.209003,54,15.9312,46.0655,1
5,2004-02-28,01:07:46.206186,54,15.9116,46.0655,1
6,2004-02-28,01:08:15.978318,54,15.9116,46.0655,1
7,2004-02-28,01:08:46.756182,54,15.892,46.0655,1
8,2004-02-28,01:09:15.954818,54,15.8822,46.0655,1
9,2004-02-28,01:09:46.734443,54,15.8724,46.0983,1
10,2004-02-28,01:10:16.79743,54,64.83628955222889,105.15069327670639,-1
11,2004-02-28,01:10:46.032235,54,65.2778955758709,115.2888100336013,-1
12,2004-02-28,01:11:16.593205,54,15.8528,46.1312,1
13,2004-02-28,01:11:46.298209,54,15.8528,46.164,1
14,2004-02-28,01:12:16.57192,54,15.843,46.1968,1
15,2004-02-28,01:12:46.287138,54,15.8332,46.1968,1
16,2004-02-28,01:13:16.554292,54,15.8234,46.2297,1
17,2004-02-28,01:14:16.596591,54,15.8136,46.2953,1
18,2004-02-28,01:14:46.794091,54,15.8136,46.2953,1
19,2004-02-28,01:15:16.573413,54,15.8136,46.3281,1
20,2004-02-28,01:15:46.566766,54,15.8136,46.2953,1
21,2004-02-28,01:16:16.054745,54,15.794,46.2953,1
22,2004-02-28,01:16:46.811139,54,15.8038,46.3609,1
23,2004-02-28,01:17:16.301804,54,15.794,46.2625,1
24,2004-02-28,01:17:46.804681,54,15.8038,46.2953,1
25,2004-02-28,01:18:46.599147,54,15.7744,46.3609,1
26,2004-02-28,01:21:46.749648,54,15.7646,46.4265,1
27,2004-02-28,01:22:46.850531,54,15.7548,46.3609,1
28,2004-02-28,01:23:45.985888,54,15.7646,46.3609,1
29,2004-02-28,01:24:46.227808,54,15.745,46.3937,1
30,2004-02-28,01:25:46.602801,54,15.7548,46.3609,1
31,2004-02-28,01:26:16.326844,54,15.7548,46.4265,1
32,2004-02-28,01:27:16.263094,54,15.745,46.4921,1
33,2004-02-28,01:31:16.252766,54,15.7058,46.6232,1
34,2004-02-28,01:32:16.322534,54,15.696,46.6232,1
35,2004-02-28,01:33:16.019613,54,15.6764,46.6887,1
36,2004-02-28,01:33:46.289722,54,15.6862,46.6887,1
37,2004-02-28,01:34:46.52089,54,15.6764,46.6887,1
38,2004-02-28,01:35:16.270788,54,15.6862,46.6887,1
39,2004-02-28,01:36:47.03221,54,15.6764,46.6887,1
40,2004-02-28,01:37:16.539027,54,15.6764,46.7542,1
41,2004-02-28,01:37:46.768927,54,15.696,46.7215,1
42,2004-02-28,01:38:46.03106,54,15.6862,46.7542,1
43,2004-02-28,01:39:16.168084,54,15.696,46.6887,1
44,2004-02-28,01:39:46.437597,54,15.7058,46.6887,1
45,2004-02-28,01:40:16.157933,54,15.7156,46.6887,1
46,2004-02-28,01:41:16.656951,54,15.7254,46.6232,1
47,2004-02-28,01:41:46.823601,54,15.7156,46.6232,1
48,2004-02-28,01:43:16.282196,54,15.7156,46.5905,1
49,2004-02-28,01:43:46.794275,54,15.7156,46.6232,1
50,2004-02-28,01:45:16.045579,54,15.696,46.6232,1
51,2004-02-28,01:45:46.631808,54,15.6764,46.6232,1
52,2004-02-28,01:46:46.893157,54,56.04799945353828,120.61879223901423,-1
53,2004-02-28,01:48:16.305921,54,15.6372,46.6887,1
54,2004-02-28,01:49:16.193784,54,15.6078,46.8197,1
55,2004-02-28,01:49:46.053079,54,15.6176,46.8197,1
56,2004-02-28,01:50:16.557437,54,15.6176,46.7215,1
57,2004-02-28,01:50:46.311737,54,15.6274,46.8851,1
58,2004-02-28,01:51:16.85501,54,15.6176,46.7869,1
59,2004-02-28,01:51:46.113102,54,15.6274,46.7542,1
60,2004-02-28,01:52:46.575851,54,15.6274,46.7542,1
61,2004-02-28,01:53:16.47254,54,15.6372,46.7215,1
62,2004-02-28,01:54:16.106805,54,15.647,46.7542,1
63,2004-02-28,01:54:46.213489,54,15.6372,46.7215,1
64,2004-02-28,01:56:16.532135,54,15.647,46.7542,1
65,2004-02-28,01:56:46.73586,54,15.647,46.7542,1
66,2004-02-28,01:57:46.821648,54,15.6372,46.6887,1
67,2004-02-28,01:58:16.57424,54,15.6568,46.65600000000001,1
68,2004-02-28,01:58:46.203504,54,15.647,46.65600000000001,1
69,2004-02-28,02:00:16.540188,54,15.6372,46.7215,1
70,2004-02-28,02:00:46.763511,54,15.6274,46.7215,1
71,2004-02-28,02:01:16.679272,54,15.6078,46.8197,1
72,2004-02-28,02:02:16.350844,54,15.598,46.7869,1
73,2004-02-28,02:04:46.474009,54,15.5588,46.8524,1
74,2004-02-28,02:05:46.634741,54,15.5294,46.8851,1
75,2004-02-28,02:06:16.643035,54,15.5196,46.9505,1
76,2004-02-28,02:06:46.294654,54,15.5098,46.9505,1
77,2004-02-28,02:07:16.611621,54,15.4902,46.9832,1
78,2004-02-28,02:08:46.50107,54,15.4608,47.0159,1
79,2004-02-28,02:09:46.653957,54,15.4608,46.9832,1
80,2004-02-28,02:11:16.112291,54,15.4216,47.0486,1
81,2004-02-28,02:11:46.237011,54,15.402,47.0813,1
82,2004-02-28,02:13:15.875991,54,15.3824,47.114,1
83,2004-02-28,02:13:46.002571,54,15.3726,47.1467,1
84,2004-02-28,02:14:16.38486,54,15.3628,47.1467,1
85,2004-02-28,02:15:16.384345,54,15.353,47.1467,1
86,2004-02-28,02:16:16.244873,54,15.3432,47.114,1
87,2004-02-28,02:16:46.259123,54,15.3334,47.1467,1
88,2004-02-28,02:17:16.786114,54,15.3236,47.212,1
89,2004-02-28,02:18:16.791089,54,15.3138,47.212,1
90,2004-02-28,02:19:16.671567,54,15.2942,47.212,1
91,2004-02-28,02:19:46.958045,54,15.304,47.2447,1
92,2004-02-28,02:20:16.68589,54,15.2942,47.212,1
93,2004-02-28,02:20:46.999076,54,15.2942,47.2447,1
94,2004-02-28,02:21:46.018932,54,15.2844,47.2773,1
95,2004-02-28,02:22:16.419301,54,15.2746,47.2773,1
96,2004-02-28,02:22:46.452415,54,15.2648,47.2773,1
97,2004-02-28,02:23:16.676229,54,15.2648,47.2773,1
98,2004-02-28,02:23:46.041784,54,15.2452,47.31,1
99,2004-02-28,02:24:16.683517,54,15.2452,47.2773,1
100,2004-02-28,02:25:16.956261,54,15.2354,47.2773,1
101,2004-02-28,02:25:46.982086,54,15.2452,47.212,1
102,2004-02-28,02:26:16.589902,54,15.255,47.2773,1
103,2004-02-28,02:27:16.779842,54,15.2452,47.2773,1
104,2004-02-28,02:27:46.86415,54,15.2158,47.2773,1
105,2004-02-28,02:30:16.210696,54,15.1668,47.3752,1
106,2004-02-28,02:31:46.873182,54,15.1178,47.4079,1
107,2004-02-28,02:32:46.589814,54,15.1178,47.4731,1
108,2004-02-28,02:33:16.853903,54,15.1178,47.4731,1
109,2004-02-28,02:33:46.352217,54,15.1178,47.4731,1
110,2004-02-28,02:34:17.045433,54,15.1178,47.4731,1
111,2004-02-28,02:35:16.987717,54,15.1178,47.5057,1
112,2004-02-28,02:35:46.942005,54,15.1178,47.4731,1
113,2004-02-28,02:36:15.942739,54,15.1178,47.4731,1
114,2004-02-28,02:37:16.485138,54,15.1178,47.4731,1
115,2004-02-28,02:38:16.977995,54,15.1178,47.5383,1
116,2004-02-28,02:38:46.528858,54,15.1178,47.5383,1
117,2004-02-28,02:40:17.087903,54,15.1178,47.4731,1
118,2004-02-28,02:41:16.254652,54,15.1178,47.5057,1
119,2004-02-28,02:41:46.721044,54,15.1178,47.5383,1
120,2004-02-28,02:42:16.822736,54,15.1178,47.5383,1
121,2004-02-28,02:42:46.249078,54,15.1178,47.5709,1
122,2004-02-28,02:43:16.298491,54,15.1178,47.5709,1
123,2004-02-28,02:43:46.240904,54,15.1178,47.6035,1
124,2004-02-28,02:44:46.842001,54,15.1178,47.6035,1
125,2004-02-28,02:46:47.023621,54,15.1178,47.6687,1
126,2004-02-28,02:47:47.122921,54,15.1178,47.7013,1
127,2004-02-28,02:48:16.497765,54,15.1178,47.7338,1
128,2004-02-28,02:49:16.146454,54,15.1178,47.799,1
129,2004-02-28,02:50:16.730512,54,15.1178,47.799,1
130,2004-02-28,02:50:46.369896,54,15.1178,47.8315,1
131,2004-02-28,02:52:46.112716,54,15.108,47.799,1
132,2004-02-28,02:53:46.143462,54,15.1178,47.799,1
133,2004-02-28,02:54:16.642358,54,15.1178,47.7664,1
134,2004-02-28,02:54:46.125728,54,15.1178,47.7338,1
135,2004-02-28,02:55:16.743839,54,15.1178,47.7338,1
136,2004-02-28,02:55:46.612988,54,15.1178,47.7338,1
137,2004-02-28,03:00:46.291039,54,15.1178,47.6035,1
138,2004-02-28,03:04:46.725575,54,15.1178,47.4731,1
139,2004-02-28,03:06:16.433635,54,15.1178,47.5057,1
140,2004-02-28,03:06:46.964795,54,15.1178,47.5383,1
141,2004-02-28,03:07:46.152322,54,15.1178,47.5383,1
142,2004-02-28,03:15:16.521514,54,15.1178,47.799,1
143,2004-02-28,03:16:16.697319,54,15.108,47.799,1
144,2004-02-28,03:16:46.71943,54,15.108,47.8315,1
145,2004-02-28,03:17:16.450243,54,15.0884,47.8315,1
146,2004-02-28,03:18:16.321102,54,15.0296,47.8966,1
147,2004-02-28,03:19:17.166924,54,15.0296,47.8641,1
148,2004-02-28,03:20:46.724136,54,15.0394,47.8641,1
149,2004-02-28,03:21:16.733,54,15.0492,47.8315,1
150,2004-02-28,03:22:46.846293,54,15.059,47.8315,1
151,2004-02-28,03:23:16.819948,54,15.0688,47.8315,1
152,2004-02-28,03:23:46.470844,54,15.0296,47.8641,1
153,2004-02-28,03:24:16.507332,54,15.0296,47.8641,1
154,2004-02-28,03:26:17.02736,54,14.9904,47.9292,1
155,2004-02-28,03:26:46.227975,54,14.9708,47.9617,1
156,2004-02-28,03:27:16.967256,54,14.9708,47.9292,1
157,2004-02-28,03:27:46.237212,54,14.961,47.8966,1
158,2004-02-28,03:28:46.471219,54,14.9512,47.9292,1
159,2004-02-28,03:29:16.514025,54,14.961,47.9292,1
160,2004-02-28,03:30:17.10742,54,14.9512,47.9292,1
161,2004-02-28,03:31:16.78682,54,14.9316,47.9292,1
162,2004-02-28,03:32:16.622961,54,14.9316,47.9292,1
163,2004-02-28,03:33:17.04023,54,14.912,47.9617,1
164,2004-02-28,03:33:46.000323,54,14.8924,47.9942,1
165,2004-02-28,03:35:16.479222,54,14.912,47.9942,1
166,2004-02-28,03:40:17.171139,54,14.8728,48.0267,1
167,2004-02-28,03:41:16.363405,54,14.863,48.0267,1
168,2004-02-28,03:42:15.996842,54,14.8728,48.0267,1
169,2004-02-28,03:44:16.528425,54,14.8924,47.9942,1
170,2004-02-28,03:47:16.734862,54,14.8532,48.0267,1
171,2004-02-28,03:47:46.798945,54,14.8336,48.0267,1
172,2004-02-28,03:48:16.020872,54,14.8434,48.0267,1
173,2004-02-28,03:50:16.305044,54,14.8336,48.0267,1
174,2004-02-28,03:53:16.706183,54,14.814,48.0918,1
175,2004-02-28,03:54:46.654878,54,14.7944,48.1243,1
176,2004-02-28,03:55:17.101786,54,14.7748,48.1243,1
177,2004-02-28,03:55:46.898828,54,14.7748,48.1243,1
178,2004-02-28,03:57:16.362949,54,14.7454,48.1893,1
179,2004-02-28,03:57:46.792861,54,14.7356,48.1243,1
180,2004-02-28,03:58:46.845414,54,14.7552,48.1243,1
181,2004-02-28,03:59:46.6761,54,14.7356,48.1243,1
182,2004-02-28,04:00:16.440036,54,14.7356,48.1243,1
183,2004-02-28,04:01:16.570736,54,14.6964,48.1893,1
184,2004-02-28,04:01:46.871065,54,14.6866,48.2218,1
185,2004-02-28,04:02:16.550011,54,14.6866,48.2543,1
186,2004-02-28,04:02:46.466265,54,14.6768,48.2543,1
187,2004-02-28,04:03:18.278345,54,62.08586149984278,115.8562955812713,-1
188,2004-02-28,04:05:46.196454,54,14.6572,48.2543,1
189,2004-02-28,04:06:16.386975,54,14.6474,48.2543,1
190,2004-02-28,04:06:46.972043,54,14.6474,48.2867,1
191,2004-02-28,04:07:16.973075,54,14.6376,48.2867,1
192,2004-02-28,04:08:17.208014,54,14.618,48.3192,1
193,2004-02-28,04:08:46.402532,54,14.6082,48.3192,1
194,2004-02-28,04:09:17.109298,54,14.5984,48.3192,1
195,2004-02-28,04:12:46.650876,54,14.5396,48.449,1
196,2004-02-28,04:13:16.406061,54,14.52,48.449,1
197,2004-02-28,04:13:46.750163,54,14.5102,48.449,1
198,2004-02-28,04:14:46.691786,54,14.4808,48.4815,1
199,2004-02-28,04:15:16.886818,54,14.4808,48.449,1
200,2004-02-28,04:15:46.662441,54,14.4808,48.4815,1
201,2004-02-28,04:16:17.15941,54,14.4808,48.5139,1
202,2004-02-28,04:16:46.861231,54,14.4808,48.5139,1
203,2004-02-28,04:17:16.232882,54,14.470999999999998,48.5139,1
204,2004-02-28,04:17:46.46002,54,14.4514,48.5139,1
205,2004-02-28,04:18:16.640352,54,14.4514,48.5139,1
206,2004-02-28,04:18:46.754055,54,14.4318,48.5464,1
207,2004-02-28,04:19:16.88648,54,14.4318,48.5788,1
208,2004-02-28,04:19:46.894046,54,14.4318,48.5464,1
209,2004-02-28,04:20:16.520375,54,14.4318,48.5464,1
210,2004-02-28,04:20:46.401126,54,14.422,48.5464,1
211,2004-02-28,04:21:17.05158,54,14.4122,48.5788,1
212,2004-02-28,04:21:46.540537,54,14.422,48.5788,1
213,2004-02-28,04:22:16.85092,54,14.4122,48.5788,1
214,2004-02-28,04:22:46.783169,54,14.4122,48.5464,1
215,2004-02-28,04:23:16.775432,54,14.4024,48.5788,1
216,2004-02-28,04:23:46.343691,54,14.4024,48.5788,1
217,2004-02-28,04:24:46.499799,54,14.3926,48.5788,1
218,2004-02-28,04:25:16.376909,54,14.3926,48.5788,1
219,2004-02-28,04:26:46.515933,54,14.3828,48.5788,1
220,2004-02-28,04:27:16.88091,54,53.50412257865004,108.20823075158455,-1
221,2004-02-28,04:28:47.020554,54,14.4024,48.5788,1
222,2004-02-28,04:30:16.561667,54,14.3828,48.5788,1
223,2004-02-28,04:30:46.654682,54,14.3828,48.5788,1
224,2004-02-28,04:32:16.548752,54,14.3828,48.5788,1
225,2004-02-28,04:33:16.555659,54,14.3828,48.5788,1
226,2004-02-28,04:33:47.199983,54,14.3828,48.5788,1
227,2004-02-28,04:34:47.242589,54,14.3828,48.5788,1
228,2004-02-28,04:35:46.774609,54,14.3926,48.5788,1
229,2004-02-28,04:36:46.307209,54,14.373,48.5464,1
230,2004-02-28,04:37:17.092691,54,14.3828,48.5788,1
231,2004-02-28,04:37:46.942035,54,14.373,48.5788,1
232,2004-02-28,04:38:16.161339,54,14.3632,48.5788,1
233,2004-02-28,04:39:46.291343,54,14.3338,48.6436,1
234,2004-02-28,04:40:16.617653,54,14.3338,48.6436,1
235,2004-02-28,04:40:46.541564,54,14.324000000000002,48.676,1
236,2004-02-28,04:41:46.303903,54,14.324000000000002,48.6436,1
237,2004-02-28,04:43:16.304273,54,14.3142,48.676,1
238,2004-02-28,04:43:46.574504,54,14.3142,48.7084,1
239,2004-02-28,04:44:46.859106,54,14.3142,48.6436,1
240,2004-02-28,04:45:16.914325,54,14.3044,48.676,1
241,2004-02-28,04:46:17.135704,54,14.3044,48.676,1
242,2004-02-28,04:47:16.377844,54,14.3044,48.676,1
243,2004-02-28,04:48:47.084026,54,14.2946,48.7084,1
244,2004-02-28,04:49:16.888288,54,14.2848,48.676,1
245,2004-02-28,04:51:46.417288,54,14.2848,48.7084,1
246,2004-02-28,04:53:16.852715,54,14.275,48.676,1
247,2004-02-28,04:53:46.469244,54,14.2848,48.676,1
248,2004-02-28,04:54:16.955188,54,14.2652,48.7084,1
249,2004-02-28,04:55:17.414712,54,58.49136553053751,121.27665261191397,-1
250,2004-02-28,04:56:46.364295,54,14.2456,48.7084,1
251,2004-02-28,04:57:16.919383,54,14.2456,48.7084,1
252,2004-02-28,04:57:46.907396,54,14.2456,48.7084,1
253,2004-02-28,04:58:16.970409,54,14.2456,48.7084,1
254,2004-02-28,04:59:16.260551,54,14.2358,48.7408,1
255,2004-02-28,04:59:46.478559,54,14.226,48.7408,1
256,2004-02-28,05:00:17.069283,54,14.226,48.7732,1
257,2004-02-28,05:00:47.091301,54,14.2162,48.7732,1
258,2004-02-28,05:01:16.573352,54,14.2162,48.7732,1
259,2004-02-28,05:03:46.493728,54,14.1868,48.8056,1
260,2004-02-28,05:04:16.239952,54,14.1868,48.838,1
261,2004-02-28,05:04:46.366985,54,14.1672,48.838,1
262,2004-02-28,05:05:16.765004,54,14.1672,48.8056,1
263,2004-02-28,05:07:46.378903,54,14.177,48.838,1
264,2004-02-28,05:08:16.49249,54,14.177,48.838,1
265,2004-02-28,05:09:17.130502,54,14.177,48.838,1
266,2004-02-28,05:09:46.99482,54,14.1672,48.8056,1
267,2004-02-28,05:11:17.42773,54,14.1672,48.8056,1
268,2004-02-28,05:12:17.36763,54,14.1966,48.838,1
269,2004-02-28,05:12:47.400823,54,14.1966,48.7732,1
270,2004-02-28,05:13:16.969834,54,14.226,48.7084,1
271,2004-02-28,05:13:47.237318,54,14.2162,48.7084,1
272,2004-02-28,05:15:17.254228,54,14.2358,48.6436,1
273,2004-02-28,05:15:46.945483,54,14.2456,48.6436,1
274,2004-02-28,05:18:16.415413,54,14.226,48.7084,1
275,2004-02-28,05:18:47.12737,54,14.226,48.7084,1
276,2004-02-28,05:21:47.46252,54,14.2162,48.7084,1
277,2004-02-28,05:22:46.930655,54,14.226,48.676,1
278,2004-02-28,05:23:17.520551,54,14.226,48.7084,1
279,2004-02-28,05:23:47.323271,54,14.2162,48.7084,1
280,2004-02-28,05:24:46.940695,54,14.226,48.676,1
281,2004-02-28,05:25:17.038936,54,14.226,48.6436,1
282,2004-02-28,05:25:46.503167,54,14.2358,48.7084,1
283,2004-02-28,05:26:16.748329,54,14.2162,48.7084,1
284,2004-02-28,05:28:47.197785,54,14.2162,48.7084,1
285,2004-02-28,05:29:17.105573,54,14.226,48.7084,1
286,2004-02-28,05:29:46.984145,54,14.2162,48.7084,1
287,2004-02-28,05:31:17.325199,54,14.1868,48.7732,1
288,2004-02-28,05:31:46.836587,54,14.1966,48.7732,1
289,2004-02-28,05:32:17.16069,54,14.1868,48.7732,1
290,2004-02-28,05:33:16.526467,54,14.177,48.7732,1
291,2004-02-28,05:33:47.103742,54,14.1868,48.7732,1
292,2004-02-28,05:34:17.492824,54,14.177,48.8056,1
293,2004-02-28,05:35:47.146879,54,14.1672,48.8056,1
294,2004-02-28,05:36:16.694041,54,14.1672,48.8056,1
295,2004-02-28,05:36:46.66002,54,14.177,48.7732,1
296,2004-02-28,05:38:17.313387,54,14.1476,48.8056,1
297,2004-02-28,05:39:17.265153,54,14.1476,48.838,1
298,2004-02-28,05:39:47.042716,54,14.1476,48.9027,1
299,2004-02-28,05:44:46.727184,54,14.0888,48.9675,1
300,2004-02-28,05:45:16.634084,54,14.079,48.9675,1
301,2004-02-28,05:45:46.978554,54,14.0692,49.0322,1
302,2004-02-28,05:46:17.024591,54,14.0692,49.0322,1
303,2004-02-28,05:46:46.980427,54,14.0496,49.0322,1
304,2004-02-28,05:47:17.037622,54,14.0496,49.0645,1
305,2004-02-28,05:47:46.87247,54,14.0496,49.0645,1
306,2004-02-28,05:48:16.367721,54,53.00344062859043,116.40284503077135,-1
307,2004-02-28,05:49:46.375512,54,14.03,49.0969,1
308,2004-02-28,05:50:17.258085,54,14.03,49.0969,1
309,2004-02-28,05:51:16.910866,54,14.0398,49.0969,1
310,2004-02-28,05:52:17.169141,54,14.0496,49.0645,1
311,2004-02-28,05:52:46.893192,54,14.0496,49.0645,1
312,2004-02-28,05:53:46.378321,54,14.0496,49.0322,1
313,2004-02-28,05:54:16.384942,54,14.0496,49.0645,1
314,2004-02-28,05:54:47.667921,54,14.0692,49.0322,1
315,2004-02-28,05:55:16.997844,54,53.133066158949624,112.98725288271118,-1
316,2004-02-28,05:55:47.158549,54,14.079,48.9675,1
317,2004-02-28,05:56:47.177283,54,14.0986,48.9027,1
318,2004-02-28,05:57:16.825668,54,14.0986,48.9675,1
319,2004-02-28,05:58:17.304206,54,14.1182,48.8704,1
320,2004-02-28,05:58:47.42356,54,14.1182,48.8704,1
321,2004-02-28,05:59:16.83606,54,14.128,48.9027,1
322,2004-02-28,05:59:46.615719,54,14.1378,48.8056,1
323,2004-02-28,06:00:16.659816,54,14.1476,48.8056,1
324,2004-02-28,06:01:16.934577,54,14.1476,48.8056,1
325,2004-02-28,06:01:46.780379,54,14.1476,48.8056,1
326,2004-02-28,06:02:16.952256,54,14.1476,48.838,1
327,2004-02-28,06:02:47.303231,54,14.1476,48.8056,1
328,2004-02-28,06:04:16.916221,54,14.1574,48.7732,1
329,2004-02-28,06:05:17.262763,54,14.1476,48.8056,1
330,2004-02-28,06:06:17.255606,54,14.1476,48.838,1
331,2004-02-28,06:06:47.261559,54,14.1378,48.7732,1
332,2004-02-28,06:07:16.920244,54,14.1378,48.838,1
333,2004-02-28,06:08:46.420703,54,14.1378,48.8056,1
334,2004-02-28,06:09:17.819932,54,14.1378,48.8056,1
335,2004-02-28,06:10:16.681656,54,14.1476,48.8056,1
336,2004-02-28,06:11:17.327735,54,14.1476,48.7732,1
337,2004-02-28,06:12:17.204357,54,14.128,48.8056,1
338,2004-02-28,06:12:47.463084,54,14.1182,48.838,1
339,2004-02-28,06:13:17.261697,54,14.1084,48.8704,1
340,2004-02-28,06:13:47.059333,54,14.0986,48.8704,1
341,2004-02-28,06:14:16.722687,54,14.1084,48.8704,1
342,2004-02-28,06:14:47.429785,54,14.1084,48.9027,1
343,2004-02-28,06:16:16.458748,54,14.0692,48.9027,1
344,2004-02-28,06:16:46.609411,54,14.0692,48.9351,1
345,2004-02-28,06:17:16.870178,54,14.0594,48.9675,1
346,2004-02-28,06:17:47.264873,54,14.0398,48.9675,1
347,2004-02-28,06:18:17.135796,54,14.03,48.9998,1
348,2004-02-28,06:18:47.065538,54,14.03,48.9998,1
349,2004-02-28,06:19:16.471854,54,14.0202,48.9998,1
350,2004-02-28,06:20:47.750165,54,14.0104,49.0322,1
351,2004-02-28,06:21:47.082404,54,60.78760982270417,116.21328358819372,-1
352,2004-02-28,06:22:16.337905,54,14.03,48.9998,1
353,2004-02-28,06:22:46.92423,54,14.03,48.9675,1
354,2004-02-28,06:23:16.833088,54,14.0496,48.9675,1
355,2004-02-28,06:23:47.235861,54,14.0398,48.9998,1
356,2004-02-28,06:24:46.540519,54,14.0496,48.9351,1
357,2004-02-28,06:25:47.387032,54,14.0594,48.8704,1
358,2004-02-28,06:26:17.481623,54,14.0692,48.9027,1
359,2004-02-28,06:26:47.263081,54,14.0692,48.8704,1
360,2004-02-28,06:30:47.574679,54,14.0888,48.9027,1
361,2004-02-28,06:31:17.284528,54,14.0888,48.9027,1
362,2004-02-28,06:31:47.340513,54,14.0986,48.838,1
363,2004-02-28,06:32:16.426082,54,14.1084,48.8056,1
364,2004-02-28,06:32:47.48746,54,14.128,48.676,1
365,2004-02-28,06:33:47.337009,54,14.1574,48.6436,1
366,2004-02-28,06:34:16.583122,54,14.1672,48.6436,1
367,2004-02-28,06:34:47.430074,54,14.177,48.6436,1
368,2004-02-28,06:35:47.372425,54,14.1868,48.6436,1
369,2004-02-28,06:36:47.393174,54,14.2064,48.5788,1
370,2004-02-28,06:37:16.602121,54,14.2162,48.5464,1
371,2004-02-28,06:37:47.022051,54,14.226,48.5788,1
372,2004-02-28,06:38:17.276023,54,14.2162,48.5464,1
373,2004-02-28,06:39:16.760694,54,14.2162,48.5139,1
374,2004-02-28,06:43:16.540173,54,14.2064,48.5788,1
375,2004-02-28,06:43:47.047058,54,14.1966,48.5464,1
376,2004-02-28,06:44:16.718242,54,14.2162,48.5139,1
377,2004-02-28,06:45:17.439006,54,14.2456,48.449,1
378,2004-02-28,06:45:47.124008,54,14.2652,48.3841,1
379,2004-02-28,06:46:16.874609,54,14.2554,48.3517,1
380,2004-02-28,06:47:16.67835,54,14.2652,48.3841,1
381,2004-02-28,06:47:46.725535,54,14.2554,48.3841,1
382,2004-02-28,06:48:47.315122,54,14.2456,48.3841,1
383,2004-02-28,06:49:16.878663,54,14.2554,48.3841,1
384,2004-02-28,06:49:47.787699,54,14.2554,48.3841,1
385,2004-02-28,06:50:17.660669,54,14.2456,48.3841,1
386,2004-02-28,06:50:47.547903,54,14.226,48.449,1
387,2004-02-28,06:51:47.614752,54,14.226,48.449,1
388,2004-02-28,06:52:16.864839,54,14.226,48.449,1
389,2004-02-28,06:52:47.245807,54,14.2064,48.4166,1
390,2004-02-28,06:53:17.748588,54,14.2162,48.449,1
391,2004-02-28,06:55:17.35135,54,14.226,48.4166,1
392,2004-02-28,06:56:17.18202,54,14.226,48.4166,1
393,2004-02-28,06:56:47.79373,54,14.2162,48.449,1
394,2004-02-28,06:57:17.445106,54,14.2064,48.4166,1
395,2004-02-28,06:58:16.933035,54,14.1966,48.449,1
396,2004-02-28,06:59:17.105065,54,14.1868,48.4815,1
397,2004-02-28,07:00:16.449119,54,14.1672,48.5139,1
398,2004-02-28,07:00:46.478792,54,14.1672,48.5139,1
399,2004-02-28,07:02:17.488719,54,14.1672,48.449,1
400,2004-02-28,07:02:47.516297,54,14.177,48.449,1
401,2004-02-28,07:04:16.939325,54,14.1574,48.5139,1
402,2004-02-28,07:04:47.500567,54,14.1476,48.5139,1
403,2004-02-28,07:05:17.072555,54,14.1476,48.5139,1
404,2004-02-28,07:05:47.136997,54,14.1378,48.5139,1
405,2004-02-28,07:06:47.364471,54,14.1378,48.5139,1
406,2004-02-28,07:07:17.459033,54,14.1378,48.4815,1
407,2004-02-28,07:08:17.117538,54,14.1574,48.449,1
408,2004-02-28,07:08:46.903513,54,14.1476,48.5139,1
409,2004-02-28,07:09:47.453031,54,14.1476,48.5139,1
410,2004-02-28,07:11:47.454847,54,14.1672,48.4815,1
411,2004-02-28,07:12:17.216044,54,14.1868,48.449,1
412,2004-02-28,07:12:46.636097,54,14.1966,48.449,1
413,2004-02-28,07:14:47.066101,54,14.226,48.3192,1
414,2004-02-28,07:15:17.294157,54,14.226,48.3517,1
415,2004-02-28,07:15:46.903535,54,14.2358,48.3192,1
416,2004-02-28,07:16:16.976959,54,14.2456,48.3192,1
417,2004-02-28,07:16:46.917661,54,14.2554,48.3192,1
418,2004-02-28,07:17:17.604097,54,14.2554,48.3192,1
419,2004-02-28,07:17:46.662875,54,14.2456,48.3192,1
420,2004-02-28,07:18:16.91247,54,14.2456,48.3192,1
421,2004-02-28,07:18:46.952557,54,14.2652,48.2867,1
422,2004-02-28,07:19:17.340096,54,14.2652,48.3192,1
423,2004-02-28,07:20:16.886129,54,14.275,48.2867,1
424,2004-02-28,07:21:47.05527,54,14.3044,48.1893,1
425,2004-02-28,07:22:17.257993,54,14.3142,48.1243,1
426,2004-02-28,07:22:47.648235,54,14.324000000000002,48.0918,1
427,2004-02-28,07:23:18.090741,54,14.324000000000002,48.0918,1
428,2004-02-28,07:23:47.756475,54,14.3436,48.0918,1
429,2004-02-28,07:24:16.870343,54,14.3436,48.1243,1
430,2004-02-28,07:24:47.12139,54,14.3436,48.0918,1
431,2004-02-28,07:25:47.653263,54,14.3632,48.0267,1
432,2004-02-28,07:26:47.415549,54,14.373,48.0267,1
433,2004-02-28,07:27:46.950241,54,14.3632,48.0267,1
434,2004-02-28,07:28:46.58303,54,14.3828,48.0267,1
435,2004-02-28,07:29:17.010627,54,14.3926,47.9942,1
436,2004-02-28,07:29:48.065146,54,14.4024,47.9292,1
437,2004-02-28,07:30:16.760878,54,14.4024,47.9617,1
438,2004-02-28,07:30:47.663697,54,14.4122,47.9292,1
439,2004-02-28,07:31:17.54998,54,14.4122,47.9292,1
440,2004-02-28,07:31:47.556306,54,14.422,47.8966,1
441,2004-02-28,07:33:17.825637,54,14.4416,47.8966,1
442,2004-02-28,07:33:47.783246,54,14.4416,47.8966,1
443,2004-02-28,07:34:47.314483,54,14.4416,47.8641,1
444,2004-02-28,07:35:18.112943,54,14.4318,47.8641,1
445,2004-02-28,07:35:47.404617,54,14.4416,47.8641,1
446,2004-02-28,07:36:17.694892,54,14.422,47.8641,1
447,2004-02-28,07:36:46.880918,54,14.422,47.8966,1
448,2004-02-28,07:37:17.564003,54,14.422,47.9292,1
449,2004-02-28,07:37:47.605378,54,14.422,47.8966,1
450,2004-02-28,07:38:17.502967,54,14.422,47.8966,1
451,2004-02-28,07:38:47.601347,54,14.4024,47.9292,1
452,2004-02-28,07:42:16.550451,54,14.4024,47.9617,1
453,2004-02-28,07:42:46.925236,54,14.4024,47.9292,1
454,2004-02-28,07:43:17.445232,54,14.4024,47.9292,1
455,2004-02-28,07:43:47.74032,54,14.4122,47.8966,1
456,2004-02-28,07:44:18.169343,54,14.4024,47.8641,1
457,2004-02-28,07:44:46.586827,54,14.4122,47.8966,1
458,2004-02-28,07:45:17.236034,54,14.4122,47.9292,1
459,2004-02-28,07:45:47.444451,54,14.4024,47.9292,1
460,2004-02-28,07:47:17.027488,54,14.422,47.8641,1
461,2004-02-28,07:48:17.759592,54,14.4416,47.799,1
462,2004-02-28,07:48:46.831032,54,14.4514,47.799,1
463,2004-02-28,07:49:16.840194,54,14.4612,47.7664,1
464,2004-02-28,07:49:47.065295,54,14.4514,47.7664,1
465,2004-02-28,07:51:17.658648,54,14.470999999999998,47.7013,1
466,2004-02-28,07:51:46.763179,54,14.4808,47.7338,1
467,2004-02-28,07:52:16.930995,54,14.4808,47.7338,1
468,2004-02-28,07:52:47.380052,54,14.4808,47.7338,1
469,2004-02-28,07:53:17.582319,54,14.470999999999998,47.7338,1
470,2004-02-28,07:53:46.72083,54,14.4612,47.7338,1
471,2004-02-28,07:57:16.752713,54,14.5004,47.6687,1
472,2004-02-28,07:57:47.009047,54,14.5004,47.6687,1
473,2004-02-28,07:58:17.456591,54,14.5004,47.6687,1
474,2004-02-28,07:59:17.232224,54,14.5102,47.6687,1
475,2004-02-28,07:59:47.886831,54,14.5004,47.6687,1
476,2004-02-28,08:00:17.61132,54,14.5004,47.6687,1
477,2004-02-28,08:00:47.019723,54,14.5004,47.6687,1
478,2004-02-28,08:02:17.812713,54,14.4906,47.7013,1
479,2004-02-28,08:03:17.755194,54,14.52,47.7013,1
480,2004-02-28,08:03:47.037538,54,14.5004,47.6687,1
481,2004-02-28,08:04:17.335839,54,14.52,47.6687,1
482,2004-02-28,08:04:47.175819,54,14.5396,47.6035,1
483,2004-02-28,08:05:17.354425,54,28.95548619677008,102.06367770084702,-1
484,2004-02-28,08:05:46.904826,54,14.5886,47.5057,1
485,2004-02-28,08:06:17.359867,54,14.5984,47.4731,1
486,2004-02-28,08:06:47.084313,54,14.6376,47.4405,1
487,2004-02-28,08:08:16.727138,54,14.667,47.3426,1
488,2004-02-28,08:08:46.75787,54,14.6768,47.31,1
489,2004-02-28,08:10:16.559951,54,14.716,47.2773,1
490,2004-02-28,08:10:47.642305,54,14.7258,47.2773,1
491,2004-02-28,08:13:17.555131,54,14.7748,47.0813,1
492,2004-02-28,08:14:16.935823,54,14.7944,47.1467,1
493,2004-02-28,08:15:16.703387,54,14.814,47.0486,1
494,2004-02-28,08:15:46.820271,54,14.8238,47.0813,1
495,2004-02-28,08:16:16.860381,54,14.8336,47.0159,1
496,2004-02-28,08:17:47.770176,54,14.8826,46.9505,1
497,2004-02-28,08:18:16.741446,54,14.8924,46.9505,1
498,2004-02-28,08:18:48.237823,54,14.9022,46.9178,1
499,2004-02-28,08:19:46.730195,54,14.9512,46.8524,1
500,2004-02-28,08:20:16.585738,54,14.9512,46.8197,1
501,2004-02-28,08:21:17.925673,54,14.9316,46.8197,1
502,2004-02-28,08:22:47.318195,54,14.9316,46.8524,1
503,2004-02-28,08:23:16.750473,54,14.9316,46.8851,1
504,2004-02-28,08:23:46.792375,54,14.9316,46.8851,1
505,2004-02-28,08:24:17.472427,54,14.9316,46.8851,1
506,2004-02-28,08:24:47.967868,54,14.9414,46.8851,1
507,2004-02-28,08:25:17.092072,54,14.9512,46.8524,1
508,2004-02-28,08:26:17.630901,54,14.9708,46.8197,1
509,2004-02-28,08:27:16.60866,54,15.0296,46.7542,1
510,2004-02-28,08:27:47.470595,54,15.0884,46.6887,1
511,2004-02-28,08:28:16.911578,54,15.108,46.65600000000001,1
512,2004-02-28,08:28:46.634988,54,15.1178,46.5577,1
513,2004-02-28,08:29:48.494701,54,15.1178,46.4921,1
514,2004-02-28,08:30:16.965778,54,15.1178,46.4593,1
515,2004-02-28,08:32:18.240726,54,15.1178,46.3609,1
516,2004-02-28,08:32:47.055876,54,15.1178,46.2953,1
517,2004-02-28,08:33:16.62248,54,15.1178,46.2625,1
518,2004-02-28,08:34:17.863964,54,15.157,46.164,1
519,2004-02-28,08:34:46.659449,54,15.1962,46.1968,1
520,2004-02-28,08:35:17.275943,54,15.206,46.0655,1
521,2004-02-28,08:35:47.897972,54,15.2256,46.0655,1
522,2004-02-28,08:36:16.927403,54,15.2256,46.0655,1
523,2004-02-28,08:38:46.643115,54,15.304,46.0655,1
524,2004-02-28,08:39:17.386475,54,15.3432,46.0655,1
525,2004-02-28,08:39:46.97958,54,15.3432,46.0655,1
526,2004-02-28,08:41:17.783724,54,15.3726,46.0655,1
527,2004-02-28,08:41:47.09534,54,15.3726,46.0655,1
528,2004-02-28,08:43:17.732861,54,15.3432,46.0655,1
529,2004-02-28,08:44:16.972349,54,15.3236,46.0655,1
530,2004-02-28,08:45:16.537976,54,15.3138,46.0655,1
531,2004-02-28,08:46:17.951228,54,15.3138,46.0655,1
532,2004-02-28,08:46:46.664424,54,15.3236,46.0655,1
533,2004-02-28,08:47:16.66002,54,15.3236,46.0655,1
534,2004-02-28,08:47:47.611611,54,15.304,46.0655,1
535,2004-02-28,08:49:16.704742,54,15.3138,46.0655,1
536,2004-02-28,08:49:46.714908,54,15.3236,46.0655,1
537,2004-02-28,08:50:17.716727,54,15.3432,46.0655,1
538,2004-02-28,08:50:46.940101,54,15.3432,46.0655,1
539,2004-02-28,08:51:46.838253,54,15.3628,46.0655,1
540,2004-02-28,08:52:17.485997,54,15.3628,46.0655,1
541,2004-02-28,08:52:46.687254,54,15.3726,46.0655,1
542,2004-02-28,08:53:16.692986,54,15.3922,46.0655,1
543,2004-02-28,08:54:47.308109,54,15.4412,46.0655,1
544,2004-02-28,08:55:47.612877,54,15.4608,46.0655,1
545,2004-02-28,08:57:46.950145,54,15.4608,46.0655,1
546,2004-02-28,08:58:47.617901,54,15.4608,46.0655,1
547,2004-02-28,08:59:18.338042,54,15.451,46.0655,1
548,2004-02-28,08:59:48.057857,54,15.4608,46.0655,1
549,2004-02-28,09:00:16.977202,54,15.4608,46.0655,1
550,2004-02-28,09:00:46.634338,54,15.4608,46.0655,1
551,2004-02-28,09:01:18.027841,54,15.4706,46.0655,1
552,2004-02-28,09:02:48.386709,54,15.5,46.0655,1
553,2004-02-28,09:03:18.039875,54,15.4804,46.0655,1
554,2004-02-28,09:04:47.171256,54,15.5196,46.0326,1
555,2004-02-28,09:05:16.846481,54,15.5196,45.9997,1
556,2004-02-28,09:06:17.20951,54,15.5196,46.0655,1
557,2004-02-28,09:06:46.523998,54,15.5196,46.0326,1
558,2004-02-28,09:07:47.218066,54,15.5294,46.0326,1
559,2004-02-28,09:08:17.217111,54,15.5392,46.0326,1
560,2004-02-28,09:09:46.933503,54,15.5882,45.9669,1
561,2004-02-28,09:10:46.977873,54,15.6274,45.9011,1
562,2004-02-28,09:12:46.935066,54,15.6862,45.8024,1
563,2004-02-28,09:13:16.94824,54,15.696,45.7695,1
564,2004-02-28,09:13:48.367994,54,15.7156,45.8353,1
565,2004-02-28,09:14:47.209633,54,15.7254,45.7695,1
566,2004-02-28,09:16:17.065585,54,15.7842,45.7037,1
567,2004-02-28,09:16:48.593785,54,15.794,45.7037,1
568,2004-02-28,09:17:17.027307,54,15.8038,45.7037,1
569,2004-02-28,09:18:17.586308,54,15.8332,45.6708,1
570,2004-02-28,09:18:48.252285,54,15.8528,45.6379,1
571,2004-02-28,09:19:18.136222,54,15.8724,45.6049,1
572,2004-02-28,09:20:17.132546,54,15.8724,45.572,1
573,2004-02-28,09:20:47.219287,54,15.892,45.572,1
574,2004-02-28,09:21:17.976128,54,15.892,45.572,1
575,2004-02-28,09:21:47.358393,54,15.9018,45.572,1
576,2004-02-28,09:22:17.562372,54,15.9312,45.572,1
577,2004-02-28,09:22:48.670456,54,15.9508,45.572,1
578,2004-02-28,09:23:46.705835,54,15.9802,45.5391,1
579,2004-02-28,09:24:17.756541,54,15.9998,45.5061,1
580,2004-02-28,09:25:17.558432,54,16.0488,45.4732,1
581,2004-02-28,09:26:18.630568,54,16.0684,45.4402,1
582,2004-02-28,09:27:47.174108,54,16.1272,45.3743,1
583,2004-02-28,09:28:47.990015,54,16.137,45.3743,1
584,2004-02-28,09:29:47.104996,54,16.1468,45.3413,1
585,2004-02-28,09:30:17.018766,54,16.1566,45.3413,1
586,2004-02-28,09:31:48.424402,54,16.186,45.3413,1
587,2004-02-28,09:33:17.139144,54,16.235,45.3083,1
588,2004-02-28,09:34:47.712109,54,16.284000000000002,45.2423,1
589,2004-02-28,09:35:16.992536,54,16.284000000000002,45.2423,1
590,2004-02-28,09:35:46.750071,54,16.3134,45.2093,1
591,2004-02-28,09:37:17.108927,54,16.3428,45.1763,1
592,2004-02-28,09:38:48.15626,54,16.3918,45.1433,1
593,2004-02-28,09:39:18.307209,54,16.4016,45.1433,1
594,2004-02-28,09:40:47.167985,54,16.4408,45.0442,1
595,2004-02-28,09:42:46.775912,54,16.4996,44.9782,1
596,2004-02-28,09:43:17.965846,54,16.5192,44.9782,1
597,2004-02-28,09:43:48.118288,54,16.5192,44.9782,1
598,2004-02-28,09:44:17.391537,54,16.529,44.9782,1
599,2004-02-28,09:59:17.378248,54,16.9112,44.6144,1
600,2004-02-28,15:34:49.801703,54,22.0464,37.9161,1
601,2004-02-28,15:35:50.00103,54,22.0268,37.9161,1
602,2004-02-28,15:38:49.557167,54,21.9974,37.9845,1
603,2004-02-28,15:39:48.907864,54,21.9876,37.9845,1
604,2004-02-28,15:41:17.240853,54,64.56620669348027,95.822810519175,-1
605,2004-02-28,15:42:49.412634,54,21.9484,37.9845,1
606,2004-02-28,15:43:18.656296,54,62.56635250259443,97.06565268404964,-1
607,2004-02-28,15:43:50.437359,54,21.9484,37.9845,1
608,2004-02-28,15:44:47.633594,54,21.9386,37.9845,1
609,2004-02-28,15:46:20.285454,54,21.9092,38.0187,1
610,2004-02-28,15:47:18.030155,54,21.919,38.0187,1
611,2004-02-28,15:47:49.36291,54,21.9092,38.0187,1
612,2004-02-28,15:48:19.784032,54,21.8994,37.9845,1
613,2004-02-28,15:48:48.76127,54,21.8994,38.0187,1
614,2004-02-28,15:49:50.977156,54,21.8994,38.0529,1
615,2004-02-28,15:50:19.910613,54,21.8798,38.0529,1
616,2004-02-28,15:51:20.410098,54,21.8602,38.0871,1
617,2004-02-28,15:51:48.951049,54,21.87,38.0871,1
618,2004-02-28,15:53:19.311152,54,21.8504,38.1213,1
619,2004-02-28,15:53:48.959222,54,21.87,38.0529,1
620,2004-02-28,15:56:17.79354,54,21.8602,38.0529,1
621,2004-02-28,15:56:47.666278,54,21.8504,38.0529,1
622,2004-02-28,15:57:48.543486,54,21.8504,38.0529,1
623,2004-02-28,15:58:17.637635,54,21.8308,38.0529,1
624,2004-02-28,15:59:17.594679,54,21.8504,38.0529,1
625,2004-02-28,16:00:48.689521,54,21.8308,38.0529,1
626,2004-02-28,16:01:49.78325,54,21.8308,38.0529,1
627,2004-02-28,16:02:47.773675,54,21.8112,38.0871,1
628,2004-02-28,16:03:18.334658,54,21.8112,38.0871,1
629,2004-02-28,16:03:50.460162,54,21.8112,38.0529,1
630,2004-02-28,16:04:49.161196,54,21.8112,38.1213,1
631,2004-02-28,16:07:47.736888,54,21.7916,38.1897,1
632,2004-02-28,16:08:48.615925,54,21.7818,38.2239,1
633,2004-02-28,16:09:17.806897,54,21.772,38.258,1
634,2004-02-28,16:10:19.277234,54,21.772,38.258,1
635,2004-02-28,16:11:21.011131,54,21.7622,38.258,1
636,2004-02-28,16:12:51.299178,54,21.7524,38.258,1
637,2004-02-28,16:13:19.645176,54,21.7524,38.2239,1
638,2004-02-28,16:13:49.911068,54,21.7622,38.258,1
639,2004-02-28,16:14:19.607232,54,21.772,38.2239,1
640,2004-02-28,16:14:49.560764,54,21.772,38.2239,1
641,2004-02-28,16:15:19.89988,54,21.7524,38.2239,1
642,2004-02-28,16:16:17.638101,54,21.7426,38.258,1
643,2004-02-28,16:16:49.681014,54,21.7524,38.258,1
644,2004-02-28,16:17:17.703297,54,21.7328,38.2239,1
645,2004-02-28,16:18:17.614928,54,21.723000000000006,38.258,1
646,2004-02-28,16:19:17.477013,54,21.7132,38.2922,1
647,2004-02-28,16:20:48.090558,54,21.674,38.3263,1
648,2004-02-28,16:21:21.516063,54,21.6838,38.3263,1
649,2004-02-28,16:21:51.125606,54,21.674,38.3263,1
650,2004-02-28,16:22:17.490832,54,21.674,38.3263,1
651,2004-02-28,16:22:49.903924,54,21.6544,38.3263,1
652,2004-02-28,16:23:18.395743,54,21.6544,38.3263,1
653,2004-02-28,16:25:19.099798,54,21.6348,38.3946,1
654,2004-02-28,16:26:20.54763,54,21.625,38.3946,1
655,2004-02-28,16:27:48.694884,54,21.6152,38.3946,1
656,2004-02-28,16:28:17.366501,54,21.6152,38.3946,1
657,2004-02-28,16:28:47.476878,54,21.6054,38.3946,1
658,2004-02-28,16:30:20.67366,54,21.5956,38.3946,1
659,2004-02-28,16:30:51.116304,54,21.5956,38.3946,1
660,2004-02-28,16:31:20.667533,54,21.5956,38.3946,1
661,2004-02-28,16:31:48.371579,54,21.576,38.3946,1
662,2004-02-28,16:32:19.779144,54,21.5858,38.3946,1
663,2004-02-28,16:35:51.051366,54,21.5564,38.4287,1
664,2004-02-28,16:36:19.816509,54,21.5368,38.4629,1
665,2004-02-28,16:37:17.947066,54,21.5368,38.4629,1
666,2004-02-28,16:37:50.974528,54,21.5172,38.4629,1
667,2004-02-28,16:40:18.930777,54,21.4878,38.5311,1
668,2004-02-28,16:42:18.443708,54,21.4584,38.5311,1
669,2004-02-28,16:43:18.616712,54,21.4486,38.5311,1
670,2004-02-28,16:44:50.080034,54,21.429,38.5993,1
671,2004-02-28,16:45:49.647257,54,21.4192,38.6334,1
672,2004-02-28,16:46:17.418799,54,21.429,38.6675,1
673,2004-02-28,16:47:48.564638,54,21.4094,38.6675,1
674,2004-02-28,16:48:21.577594,54,21.3996,38.6334,1
675,2004-02-28,16:48:49.998034,54,21.4094,38.6675,1
676,2004-02-28,16:50:18.683696,54,21.4094,38.5993,1
677,2004-02-28,16:50:49.474562,54,21.3996,38.5993,1
678,2004-02-28,16:51:48.274697,54,21.38,38.6675,1
679,2004-02-28,16:52:48.768182,54,21.38,38.6675,1
680,2004-02-28,16:53:20.853675,54,21.38,38.6675,1
681,2004-02-28,16:54:50.195434,54,21.3506,38.7016,1
682,2004-02-28,16:55:19.111297,54,21.3506,38.7016,1
683,2004-02-28,16:55:48.232235,54,21.331,38.7357,1
684,2004-02-28,16:56:18.187935,54,21.331,38.7357,1
685,2004-02-28,16:56:49.014367,54,21.3114,38.7698,1
686,2004-02-28,16:57:20.434708,54,21.3016,38.8039,1
687,2004-02-28,16:57:47.606155,54,21.282,38.8039,1
688,2004-02-28,16:59:17.454935,54,21.2722,38.872,1
689,2004-02-28,17:00:20.85599,54,21.2526,38.872,1
690,2004-02-28,17:00:48.266223,54,21.2526,38.872,1
691,2004-02-28,17:01:19.128038,54,21.2526,38.9061,1
692,2004-02-28,17:01:49.330583,54,21.2428,38.9401,1
693,2004-02-28,17:02:49.076782,54,21.2232,38.9401,1
694,2004-02-28,17:03:19.250332,54,21.2232,39.0082,1
695,2004-02-28,17:04:18.173967,54,21.2036,39.0082,1
696,2004-02-28,17:04:50.330808,54,21.2134,39.0422,1
697,2004-02-28,17:05:20.404986,54,21.1938,39.0422,1
698,2004-02-28,17:06:20.808747,54,21.184,39.0763,1
699,2004-02-28,17:06:48.784912,54,21.1742,39.0763,1
700,2004-02-28,17:07:21.504232,54,21.184,39.0763,1
701,2004-02-28,17:08:50.561752,54,21.1546,39.0763,1
702,2004-02-28,17:10:20.31417,54,21.1252,39.0763,1
703,2004-02-28,17:11:20.248201,54,21.0958,39.1443,1
704,2004-02-28,17:12:49.599956,54,21.0664,39.2123,1
705,2004-02-28,17:13:20.058249,54,21.0468,39.2123,1
706,2004-02-28,17:13:48.552634,54,21.0468,39.2123,1
707,2004-02-28,17:14:49.374869,54,21.0468,39.2123,1
708,2004-02-28,17:15:19.822316,54,21.0468,39.2463,1
709,2004-02-28,17:16:21.165214,54,21.037,39.2803,1
710,2004-02-28,17:17:20.303987,54,21.0272,39.3483,1
711,2004-02-28,17:17:47.928811,54,21.0174,39.3483,1
712,2004-02-28,17:18:20.474022,54,21.0174,39.3823,1
713,2004-02-28,17:20:17.926272,54,20.9782,39.4162,1
714,2004-02-28,17:20:51.637339,54,20.9684,39.4502,1
715,2004-02-28,17:21:47.64125,54,20.9488,39.4842,1
716,2004-02-28,17:22:47.525668,54,20.9292,39.4842,1
717,2004-02-28,17:23:19.189179,54,20.9292,39.4842,1
718,2004-02-28,17:23:50.279767,54,20.9292,39.5181,1
719,2004-02-28,17:25:50.448403,54,20.89,39.5181,1
720,2004-02-28,17:26:20.173772,54,20.89,39.5521,1
721,2004-02-28,17:26:48.515867,54,20.8802,39.5521,1
722,2004-02-28,17:28:48.846619,54,20.8606,39.5521,1
723,2004-02-28,17:31:20.908814,54,20.8214,39.62,1
724,2004-02-28,17:32:20.59721,54,20.8018,39.6878,1
725,2004-02-28,17:33:20.614658,54,20.7822,39.7557,1
726,2004-02-28,17:33:48.962512,54,20.7724,39.7217,1
727,2004-02-28,17:34:50.865321,54,20.7626,39.7217,1
728,2004-02-28,17:35:18.520365,54,20.7528,39.7557,1
729,2004-02-28,17:35:50.788359,54,20.7626,39.7557,1
730,2004-02-28,17:36:21.635442,54,20.7528,39.7557,1
731,2004-02-28,17:36:51.236675,54,20.7528,39.7896,1
732,2004-02-28,17:37:17.69321,54,20.7332,39.8235,1
733,2004-02-28,17:37:47.441855,54,20.743,39.8235,1
734,2004-02-28,17:39:49.193486,54,20.7136,39.9252,1
735,2004-02-28,17:40:49.179738,54,20.694000000000006,39.9252,1
736,2004-02-28,17:41:21.238391,54,20.6842,39.9591,1
737,2004-02-28,17:41:49.399413,54,20.6744,39.9591,1
738,2004-02-28,17:43:20.04476,54,20.6646,39.9591,1
739,2004-02-28,17:43:51.206777,54,20.645,40.0268,1
740,2004-02-28,17:44:47.940475,54,20.6352,40.0268,1
741,2004-02-28,17:46:21.49595,54,20.6156,40.0268,1
742,2004-02-28,17:47:21.013648,54,20.596,40.0268,1
743,2004-02-28,17:48:47.590439,54,20.596,40.0945,1
744,2004-02-28,17:51:17.951874,54,20.5372,40.1622,1
745,2004-02-28,17:51:49.071479,54,20.547,40.1622,1
746,2004-02-28,17:53:48.501232,54,20.5078,40.1622,1
747,2004-02-28,17:55:20.424324,54,20.4882,40.2299,1
748,2004-02-28,17:57:19.29843,54,20.4686,40.2976,1
749,2004-02-28,17:57:47.702893,54,20.4588,40.3314,1
750,2004-02-28,17:58:52.63656,54,20.449,40.3652,1
751,2004-02-28,17:59:20.648001,54,20.4392,40.3652,1
752,2004-02-28,18:00:18.818387,54,20.4196,40.399,1
753,2004-02-28,18:04:17.646936,54,20.3216,40.5342,1
754,2004-02-28,18:04:47.631704,54,20.3216,40.5342,1
755,2004-02-28,18:06:20.121851,54,20.2824,40.6018,1
756,2004-02-28,18:06:50.70316,54,20.2824,40.6018,1
757,2004-02-28,18:07:18.358924,54,20.2726,40.6355,1
758,2004-02-28,18:08:50.842072,54,20.253,40.6355,1
759,2004-02-28,18:09:18.873027,54,20.2432,40.7031,1
760,2004-02-28,18:09:51.079259,54,20.2334,40.7031,1
761,2004-02-28,18:10:21.079749,54,20.2334,40.7031,1
762,2004-02-28,18:11:49.734482,54,20.1942,40.7706,1
763,2004-02-28,18:12:20.049249,54,20.1746,40.7706,1
764,2004-02-28,18:13:47.885742,54,20.1452,40.8381,1
765,2004-02-28,18:14:18.103252,54,63.45602811578688,96.5544735332703,-1
766,2004-02-28,18:17:17.961611,54,20.0668,40.973,1
767,2004-02-28,18:18:47.674285,54,20.0472,41.0404,1
768,2004-02-28,18:21:21.449612,54,19.9982,41.0741,1
769,2004-02-28,18:21:49.363547,54,19.9884,41.1078,1
770,2004-02-28,18:22:21.364979,54,19.9884,41.1078,1
771,2004-02-28,18:22:48.820703,54,19.9884,41.1078,1
772,2004-02-28,18:23:18.731245,54,19.9786,41.1078,1
773,2004-02-28,18:24:19.143792,54,19.959,41.1751,1
774,2004-02-28,18:24:50.82487,54,19.9688,41.1414,1
775,2004-02-28,18:25:50.659944,54,19.9394,41.1751,1
776,2004-02-29,06:18:53.029061,54,15.5,47.212,1
777,2004-02-29,06:20:50.478728,54,15.4902,47.212,1
778,2004-02-29,06:21:20.680549,54,15.4804,47.1793,1
779,2004-02-29,06:21:54.818953,54,15.4902,47.212,1
780,2004-02-29,06:22:49.317128,54,15.4804,47.1793,1
781,2004-02-29,06:23:48.799207,54,15.4804,47.1793,1
782,2004-02-29,06:26:22.584531,54,15.4706,47.212,1
783,2004-02-29,06:27:21.911327,54,15.4706,47.2773,1
784,2004-02-29,06:27:52.991379,54,15.4608,47.2773,1
785,2004-02-29,06:29:21.38794,54,15.4706,47.2773,1
786,2004-02-29,06:30:22.446961,54,15.4608,47.3426,1
787,2004-02-29,06:32:24.492888,54,15.451,47.3426,1
788,2004-02-29,06:34:22.635352,54,15.451,47.3426,1
789,2004-02-29,06:34:51.269987,54,15.4608,47.2773,1
790,2004-02-29,06:37:22.006966,54,15.451,47.3752,1
791,2004-02-29,06:37:51.916548,54,15.451,47.2773,1
792,2004-02-29,06:38:54.147486,54,15.4608,47.3426,1
793,2004-02-29,06:39:23.181111,54,15.451,47.3426,1
794,2004-02-29,06:39:50.006256,54,15.451,47.3752,1
795,2004-02-29,06:40:24.409452,54,15.4412,47.3426,1
796,2004-02-29,06:43:18.724163,54,15.4412,47.31,1
797,2004-02-29,06:43:54.804076,54,15.4412,47.3426,1
798,2004-02-29,06:46:23.235456,54,15.4412,47.4405,1
799,2004-02-29,06:47:20.157396,54,15.4412,47.4079,1
800,2004-02-29,06:48:18.74872,54,15.4412,47.4405,1
801,2004-02-29,06:49:18.749671,54,15.4314,47.5383,1
802,2004-02-29,06:49:48.747217,54,15.4216,47.5057,1
803,2004-02-29,06:50:21.393589,54,15.4314,47.4731,1
804,2004-02-29,06:50:50.01462,54,15.4216,47.4731,1
805,2004-02-29,06:51:19.439243,54,15.4216,47.5383,1
806,2004-02-29,06:51:54.771481,54,15.4216,47.5383,1
807,2004-02-29,06:52:20.941509,54,15.4216,47.4731,1
808,2004-02-29,06:53:24.056026,54,15.4216,47.4731,1
809,2004-02-29,06:54:18.885105,54,15.4314,47.5057,1
810,2004-02-29,06:54:54.602983,54,15.4216,47.5709,1
811,2004-02-29,06:55:23.328545,54,15.4118,47.5057,1
812,2004-02-29,06:56:20.08585,54,15.4118,47.5383,1
813,2004-02-29,06:56:53.771577,54,15.4118,47.4731,1
814,2004-02-29,06:57:23.74309,54,15.4118,47.4731,1
815,2004-02-29,06:58:19.383267,54,15.4216,47.5383,1
816,2004-02-29,06:58:53.83588,54,15.4216,47.5383,1
817,2004-02-29,06:59:20.069991,54,15.4118,47.5383,1
818,2004-02-29,06:59:53.033318,54,15.4216,47.5709,1
819,2004-02-29,07:00:21.294099,54,15.402,47.5057,1
820,2004-02-29,07:01:18.980524,54,15.402,47.5383,1
821,2004-02-29,07:01:48.788189,54,15.4118,47.5383,1
822,2004-02-29,07:02:21.444617,54,15.4216,47.5709,1
823,2004-02-29,07:02:56.272019,54,15.402,47.6035,1
824,2004-02-29,07:03:53.261346,54,15.4118,47.5383,1
825,2004-02-29,07:04:48.797207,54,15.402,47.5383,1
826,2004-02-29,07:05:25.577865,54,15.3922,47.6035,1
827,2004-02-29,07:05:48.985826,54,15.402,47.6035,1
828,2004-02-29,07:06:54.321173,54,15.402,47.6361,1
829,2004-02-29,07:07:20.122226,54,15.402,47.5709,1
830,2004-02-29,07:07:50.091819,54,15.402,47.6035,1
831,2004-02-29,07:08:18.960541,54,15.402,47.5709,1
832,2004-02-29,07:08:53.057789,54,15.402,47.6035,1
833,2004-02-29,07:10:20.17173,54,15.402,47.6361,1
834,2004-02-29,07:10:50.918678,54,15.402,47.6035,1
835,2004-02-29,07:11:52.767782,54,15.402,47.6361,1
836,2004-02-29,07:12:21.536366,54,15.4118,47.6035,1
837,2004-02-29,07:13:21.958897,54,15.402,47.6361,1
838,2004-02-29,07:13:51.045479,54,15.402,47.6035,1
839,2004-02-29,07:14:22.066501,54,15.402,47.6035,1
840,2004-02-29,07:14:52.190088,54,15.402,47.6035,1
841,2004-02-29,07:15:48.842067,54,15.402,47.6687,1
842,2004-02-29,07:16:20.918336,54,15.4118,47.6035,1
843,2004-02-29,07:16:48.824581,54,15.402,47.6361,1
844,2004-02-29,07:17:23.861355,54,15.4216,47.6035,1
845,2004-02-29,07:17:52.490049,54,15.4118,47.6035,1
846,2004-02-29,07:18:19.630944,54,15.402,47.5709,1
847,2004-02-29,07:18:49.424754,54,15.4118,47.6035,1
848,2004-02-29,07:19:21.517508,54,15.402,47.6035,1
849,2004-02-29,07:20:55.213169,54,15.402,47.6035,1
850,2004-02-29,07:21:24.067468,54,15.402,47.6035,1
851,2004-02-29,07:22:49.520171,54,15.402,47.6687,1
852,2004-02-29,07:23:55.802023,54,15.402,47.6035,1
853,2004-02-29,07:24:19.943259,54,15.4118,47.6687,1
854,2004-02-29,07:24:52.328309,54,15.402,47.6687,1
855,2004-02-29,07:25:24.091843,54,15.4118,47.6035,1
856,2004-02-29,07:25:51.976412,54,15.4216,47.6361,1
857,2004-02-29,07:26:18.848002,54,15.4118,47.7013,1
858,2004-02-29,07:27:27.22966,54,15.4118,47.6687,1
859,2004-02-29,07:27:52.75053,54,15.4118,47.6361,1
860,2004-02-29,07:29:24.946667,54,15.4216,47.6361,1
861,2004-02-29,07:29:50.427466,54,15.4216,47.6687,1
862,2004-02-29,07:30:25.675831,54,15.4216,47.6687,1
863,2004-02-29,07:30:56.861254,54,15.4118,47.6687,1
864,2004-02-29,07:31:21.902215,54,15.4118,47.6687,1
865,2004-02-29,07:31:55.138816,54,15.4216,47.6687,1
866,2004-02-29,07:33:55.429241,54,15.4216,47.6687,1
867,2004-02-29,07:35:53.646965,54,15.4216,47.7013,1
868,2004-02-29,07:37:23.460094,54,15.4118,47.6687,1
869,2004-02-29,07:37:52.971048,54,15.4118,47.7338,1
870,2004-02-29,07:39:53.359653,54,15.4216,47.6687,1
871,2004-02-29,07:40:51.487213,54,15.4118,47.7338,1
872,2004-02-29,07:41:25.85023,54,15.402,47.7338,1
873,2004-02-29,07:41:50.885764,54,15.4118,47.7664,1
874,2004-02-29,07:42:19.515778,54,15.402,47.799,1
875,2004-02-29,07:42:50.047358,54,15.3922,47.799,1
876,2004-02-29,07:43:20.242669,54,15.3824,47.7338,1
877,2004-02-29,07:43:51.357737,54,15.3922,47.799,1
878,2004-02-29,07:44:18.796743,54,15.3824,47.8315,1
879,2004-02-29,07:44:52.6055,54,15.3922,47.8315,1
880,2004-02-29,07:45:26.281186,54,15.3922,47.7338,1
881,2004-02-29,07:45:51.277395,54,15.3922,47.799,1
882,2004-02-29,07:46:21.40843,54,15.402,47.8641,1
883,2004-02-29,07:48:20.772602,54,15.402,47.7664,1
884,2004-02-29,07:49:20.954793,54,15.3726,47.8641,1
885,2004-02-29,07:50:20.077256,54,15.3726,47.8641,1
886,2004-02-29,07:50:49.881916,54,15.3628,47.9292,1
887,2004-02-29,07:51:52.080041,54,15.3628,47.8966,1
888,2004-02-29,07:52:52.237195,54,15.3628,47.9292,1
889,2004-02-29,07:54:23.022203,54,15.3432,47.8966,1
890,2004-02-29,07:54:49.6458,54,15.3628,47.9292,1
891,2004-02-29,07:55:52.267932,54,15.353,47.9292,1
892,2004-02-29,07:56:21.548922,54,15.3432,47.9617,1
893,2004-02-29,07:58:18.944743,54,15.3628,47.9942,1
894,2004-02-29,07:59:19.054958,54,15.3628,47.9617,1
895,2004-02-29,08:01:54.120301,54,15.3824,47.9617,1
896,2004-02-29,08:02:53.976616,54,15.3726,47.8641,1
897,2004-02-29,08:03:18.843221,54,15.3726,47.9292,1
898,2004-02-29,08:03:53.400528,54,15.3726,47.9292,1
899,2004-02-29,08:05:25.487523,54,15.353,47.9292,1
900,2004-02-29,08:05:57.768627,54,15.3824,47.9617,1
901,2004-02-29,08:06:24.09707,54,15.3628,48.0593,1
902,2004-02-29,08:07:58.792791,54,15.3824,47.9617,1
903,2004-02-29,08:08:54.087863,54,15.3726,47.9942,1
904,2004-02-29,08:09:58.096842,54,15.3824,48.0593,1
905,2004-02-29,08:10:50.638659,54,15.3628,48.0267,1
906,2004-02-29,08:12:24.135489,54,15.3824,48.0593,1
907,2004-02-29,08:13:54.860657,54,15.3824,48.0918,1
908,2004-02-29,08:14:21.745849,54,15.4118,48.0593,1
909,2004-02-29,08:14:52.233964,54,15.402,48.0267,1
910,2004-02-29,08:16:54.204055,54,15.402,47.9942,1
911,2004-02-29,08:17:49.689076,54,15.402,48.0593,1
912,2004-02-29,08:19:48.904614,54,15.3922,48.1243,1
913,2004-02-29,08:20:22.198229,54,15.3824,48.1243,1
914,2004-02-29,08:21:19.120759,54,15.3824,48.1243,1
915,2004-02-29,08:22:52.967006,54,15.3824,48.1568,1
916,2004-02-29,08:23:23.584368,54,15.3726,48.1893,1
917,2004-02-29,08:23:50.179345,54,15.3824,48.1893,1
918,2004-02-29,08:24:50.148253,54,15.3726,48.2218,1
919,2004-02-29,08:25:20.252086,54,15.3922,48.2218,1
920,2004-02-29,08:25:57.844348,54,15.3824,48.2543,1
921,2004-02-29,08:26:53.049304,54,15.3824,48.2543,1
922,2004-02-29,08:27:20.29912,54,15.3824,48.2543,1
923,2004-02-29,08:28:19.754474,54,15.402,48.2218,1
924,2004-02-29,08:29:23.05279,54,15.4216,48.1893,1
925,2004-02-29,08:30:22.684783,54,15.4412,48.1568,1
926,2004-02-29,08:30:50.045839,54,15.451,48.1243,1
927,2004-02-29,08:31:56.386372,54,15.4412,48.1893,1
928,2004-02-29,08:32:20.577222,54,15.4412,48.1893,1
929,2004-02-29,08:36:55.332116,54,15.4706,48.2218,1
930,2004-02-29,08:37:22.927653,54,15.4804,48.2218,1
931,2004-02-29,08:39:20.987308,54,15.4804,48.2543,1
932,2004-02-29,08:39:50.29277,54,15.4706,48.2867,1
933,2004-02-29,08:40:20.059108,54,15.4804,48.2543,1
934,2004-02-29,08:40:52.506576,54,15.4902,48.2543,1
935,2004-02-29,08:41:26.895018,54,15.5,48.2543,1
936,2004-02-29,08:41:53.262316,54,15.5,48.2543,1
937,2004-02-29,08:42:20.516335,54,15.5098,48.2218,1
938,2004-02-29,08:42:52.521035,54,15.5,48.2543,1
939,2004-02-29,08:43:19.705263,54,15.5196,48.2543,1
940,2004-02-29,08:43:51.796339,54,15.5196,48.2543,1
941,2004-02-29,08:47:55.094709,54,15.549,48.2867,1
942,2004-02-29,08:48:24.375658,54,15.5392,48.2867,1
943,2004-02-29,08:50:49.032609,54,15.5784,48.3192,1
944,2004-02-29,08:51:53.147651,54,15.5784,48.3192,1
945,2004-02-29,08:52:48.975279,54,15.598,48.2543,1
946,2004-02-29,08:53:52.911415,54,15.598,48.2867,1
947,2004-02-29,08:54:21.927877,54,15.6078,48.2867,1
948,2004-02-29,08:54:53.056191,54,15.6078,48.2867,1
949,2004-02-29,08:55:26.070068,54,15.6176,48.3192,1
950,2004-02-29,08:56:49.477903,54,15.6372,48.3192,1
951,2004-02-29,08:57:55.355172,54,15.6568,48.2543,1
952,2004-02-29,08:58:21.076155,54,15.6568,48.2543,1
953,2004-02-29,08:59:20.37979,54,15.696,48.2218,1
954,2004-02-29,08:59:51.859218,54,15.696,48.1568,1
955,2004-02-29,09:00:53.947456,54,15.7156,48.1243,1
956,2004-02-29,09:01:25.419041,54,15.7156,48.1243,1
957,2004-02-29,09:01:54.123349,54,15.7352,48.1568,1
958,2004-02-29,09:04:21.725884,54,15.7352,48.2218,1
959,2004-02-29,09:04:51.149392,54,15.7548,48.2543,1
960,2004-02-29,09:05:23.08802,54,15.7646,48.2218,1
961,2004-02-29,09:05:50.326858,54,15.7744,48.2218,1
962,2004-02-29,09:06:20.408362,54,15.7744,48.2218,1
963,2004-02-29,09:07:23.904605,54,15.794,48.2218,1
964,2004-02-29,09:08:26.421032,54,15.8136,48.1893,1
965,2004-02-29,09:08:49.677536,54,15.8234,48.1568,1
966,2004-02-29,09:09:21.334334,54,15.8332,48.1243,1
967,2004-02-29,09:10:26.023115,54,15.8626,48.0918,1
968,2004-02-29,09:11:28.563051,54,15.8724,48.0593,1
969,2004-02-29,09:11:53.32994,54,15.9018,48.0593,1
970,2004-02-29,09:12:55.785942,54,15.9116,47.9942,1
971,2004-02-29,09:14:54.693426,54,15.9704,47.9292,1
972,2004-02-29,09:20:21.845699,54,16.1272,47.7338,1
973,2004-02-29,09:20:54.808558,54,16.1272,47.7664,1
974,2004-02-29,09:21:23.986797,54,16.1174,47.7338,1
975,2004-02-29,09:32:21.931681,54,16.3232,47.6687,1
976,2004-02-29,09:33:19.064333,54,16.3232,47.6361,1
977,2004-02-29,09:34:22.549927,54,16.3232,47.6361,1
978,2004-02-29,09:34:53.000963,54,16.333,47.6687,1
979,2004-02-29,09:35:52.362962,54,16.3624,47.6687,1
980,2004-02-29,09:36:19.804831,54,16.3624,47.6361,1
981,2004-02-29,09:36:53.21098,54,16.3722,47.6035,1
982,2004-02-29,09:37:26.869831,54,16.382,47.6035,1
983,2004-02-29,09:37:53.867396,54,16.3918,47.5709,1
984,2004-02-29,09:40:53.167551,54,16.4408,47.5709,1
985,2004-02-29,09:41:22.400288,54,16.4604,47.5383,1
986,2004-02-29,09:44:24.40633,54,16.4996,47.5709,1
987,2004-02-29,09:44:56.721599,54,16.4996,47.5383,1
988,2004-02-29,09:45:51.17858,54,16.5094,47.5383,1
989,2004-02-29,09:47:19.119526,54,16.529,47.5383,1
990,2004-02-29,09:47:50.248918,54,16.5192,47.5383,1
991,2004-02-29,09:49:55.742609,54,16.5388,47.5383,1
992,2004-02-29,09:50:56.918488,54,16.5486,47.5383,1
993,2004-02-29,09:51:19.119898,54,16.5486,47.5709,1
994,2004-02-29,09:55:26.977316,54,16.6172,47.4731,1
995,2004-02-29,10:04:22.596491,54,16.8328,47.0813,1
996,2004-02-29,14:08:21.911787,54,19.2632,44.3825,1
997,2004-02-29,14:09:20.359875,54,19.2632,44.3825,1
998,2004-02-29,14:10:26.698128,54,19.273,44.3494,1
999,2004-02-29,14:11:50.9789,54,19.2632,44.3825,1
1000,2004-02-29,14:13:25.838259,54,19.2632,44.3825,1
1001,2004-02-29,14:13:55.617401,54,19.2436,44.4488,1
1002,2004-02-29,14:15:24.422341,54,19.224,44.5151,1
1003,2004-02-29,14:50:49.540167,54,19.4004,44.2499,1
1004,2004-02-29,14:52:03.821362,54,19.4004,44.2168,1
1005,2004-02-29,14:53:23.534285,54,19.3808,44.2499,1
1006,2004-02-29,14:54:28.982524,54,19.371,44.3162,1
1007,2004-02-29,14:54:51.528278,54,19.3612,44.3162,1
1008,2004-02-29,14:55:27.248315,54,19.3514,44.3494,1
1009,2004-02-29,14:55:52.06912,54,19.3318,44.3825,1
1010,2004-02-29,14:56:26.51034,54,19.322,44.4157,1
1011,2004-02-29,14:57:57.923437,54,19.3024,44.5151,1
1012,2004-02-29,14:58:25.130348,54,19.3024,44.5151,1
1013,2004-02-29,14:58:57.425497,54,19.3024,44.5482,1
1014,2004-02-29,14:59:53.477414,54,19.2828,44.5813,1
1015,2004-02-29,15:01:27.40062,54,19.273,44.6806,1
1016,2004-02-29,15:02:22.90252,54,19.2632,44.6806,1
1017,2004-02-29,15:02:50.333465,54,19.2632,44.7137,1
1018,2004-02-29,15:03:19.537602,54,19.2534,44.7137,1
1019,2004-02-29,15:03:51.901528,54,19.2436,44.7137,1
1020,2004-02-29,15:04:56.252293,54,19.2436,44.7137,1
1021,2004-02-29,15:05:23.634779,54,19.2534,44.6806,1
1022,2004-02-29,15:05:59.729931,54,57.95457651617904,97.08142083350508,-1
1023,2004-02-29,15:08:54.491898,54,19.2142,44.7798,1
1024,2004-02-29,15:09:29.283918,54,19.2142,44.846,1
1025,2004-02-29,15:12:52.967513,54,19.224,44.7798,1
1026,2004-02-29,15:13:22.845061,54,19.224,44.7798,1
1027,2004-02-29,15:13:56.916241,54,19.2338,44.7798,1
1028,2004-02-29,15:14:27.917297,54,19.2338,44.7798,1
1029,2004-02-29,15:16:21.171168,54,19.224,44.8129,1
1030,2004-02-29,15:18:58.486641,54,19.2044,44.8129,1
1031,2004-02-29,15:19:19.565206,54,19.2142,44.8129,1
1032,2004-02-29,15:21:59.097425,54,19.1554,44.9121,1
1033,2004-02-29,15:22:20.573457,54,19.1456,44.9782,1
1034,2004-02-29,15:22:58.600977,54,19.126,45.0112,1
1035,2004-02-29,15:23:51.146551,54,19.0966,45.1103,1
1036,2004-02-29,15:24:29.593967,54,19.0868,45.1433,1
1037,2004-02-29,15:26:49.665007,54,19.0868,45.1103,1
1038,2004-02-29,15:27:53.714848,54,19.0868,45.1103,1
1039,2004-02-29,15:28:19.655673,54,19.077,45.1103,1
1040,2004-02-29,15:28:51.202794,54,19.0868,45.1103,1
1041,2004-02-29,15:33:51.2334,54,19.1358,44.9782,1
1042,2004-02-29,15:35:59.653591,54,19.1456,44.9451,1
1043,2004-02-29,15:39:31.072897,54,19.126,44.9451,1
1044,2004-02-29,15:41:28.727318,54,50.38032772492187,99.84733326748166,-1
1045,2004-02-29,15:42:22.274529,54,19.1358,44.9782,1
1046,2004-02-29,15:48:52.460821,54,19.0672,45.0442,1
1047,2004-02-29,15:49:54.220066,54,19.0574,45.0773,1
1048,2004-02-29,15:51:19.648893,54,19.0574,45.1103,1
1049,2004-02-29,15:55:26.122175,54,18.9888,45.2423,1
1050,2004-02-29,15:55:53.366852,54,18.9888,45.2423,1
1051,2004-02-29,15:57:27.278872,54,18.9888,45.2753,1
1052,2004-02-29,15:57:50.369878,54,18.979,45.2423,1
1053,2004-02-29,15:59:27.763058,54,18.979,45.2753,1
1054,2004-02-29,15:59:50.320344,54,18.9692,45.2753,1
1055,2004-02-29,16:00:27.6851,54,18.9692,45.3083,1
1056,2004-02-29,16:00:58.067319,54,18.9692,45.3083,1
1057,2004-02-29,16:01:27.553679,54,18.9594,45.3083,1
1058,2004-02-29,16:01:50.351391,54,18.9594,45.3083,1
1059,2004-02-29,16:02:27.388749,54,18.9496,45.3083,1
1060,2004-02-29,16:03:19.553359,54,18.9496,45.3083,1
1061,2004-02-29,16:03:49.590458,54,18.9398,45.3083,1
1062,2004-02-29,16:04:23.835903,54,18.9398,45.3083,1
1063,2004-02-29,16:04:52.89656,54,18.9398,45.3413,1
1064,2004-02-29,16:05:20.571634,54,18.93,45.3413,1
1065,2004-02-29,16:06:22.296091,54,18.9104,45.3743,1
1066,2004-02-29,16:06:53.774558,54,18.9104,45.4072,1
1067,2004-02-29,16:07:25.909879,54,18.9104,45.4402,1
1068,2004-02-29,16:07:53.319815,54,18.9006,45.4402,1
1069,2004-02-29,16:12:21.431747,54,18.832,45.5391,1
1070,2004-02-29,16:13:20.53413,54,18.832,45.572,1
1071,2004-02-29,16:13:55.343516,54,18.8124,45.572,1
1072,2004-02-29,16:16:19.754103,54,18.783,45.6708,1
1073,2004-02-29,16:18:26.46849,54,18.7536,45.7037,1
1074,2004-02-29,16:18:50.479307,54,18.7536,45.7037,1
1075,2004-02-29,16:19:27.434104,54,18.7536,45.7037,1
1076,2004-02-29,16:21:23.784595,54,18.734,45.7366,1
1077,2004-02-29,16:23:23.975577,54,18.7144,45.7695,1
1078,2004-02-29,16:24:24.930754,54,18.7046,45.8024,1
1079,2004-02-29,16:25:59.523991,54,18.7144,45.8024,1
1080,2004-02-29,16:27:29.717052,54,18.7046,45.8024,1
1081,2004-02-29,16:31:00.90427,54,18.6752,45.8353,1
1082,2004-02-29,16:31:24.961231,54,18.6752,45.8353,1
1083,2004-02-29,16:31:57.371604,54,18.6654,45.8682,1
1084,2004-02-29,16:32:51.402377,54,18.6654,45.8682,1
1085,2004-02-29,16:33:52.514333,54,18.6458,45.9011,1
1086,2004-02-29,16:34:21.567237,54,18.6556,45.9011,1
1087,2004-02-29,16:34:54.200632,54,18.6262,45.934,1
1088,2004-02-29,16:36:31.855571,54,18.6066,45.9997,1
1089,2004-02-29,16:36:51.76626,54,18.6164,45.9997,1
1090,2004-02-29,16:38:55.956374,54,18.5968,46.0655,1
1091,2004-02-29,16:39:21.314799,54,18.587,46.0655,1
1092,2004-02-29,16:39:50.704772,54,18.5772,46.0655,1
1093,2004-02-29,16:40:23.603504,54,18.5674,46.0655,1
1094,2004-02-29,16:40:49.845823,54,18.5674,46.0655,1
1095,2004-02-29,16:41:51.366498,54,18.5478,46.0655,1
1096,2004-02-29,16:42:55.694646,54,18.5282,46.0655,1
1097,2004-02-29,16:43:52.45504,54,18.5184,46.0655,1
1098,2004-02-29,16:45:27.621807,54,18.4988,46.0655,1
1099,2004-02-29,16:46:27.235951,54,18.489,46.0655,1
1100,2004-02-29,16:48:51.665007,54,18.4792,46.1312,1
1101,2004-02-29,16:49:26.622009,54,18.4792,46.1312,1
1102,2004-02-29,16:49:54.71755,54,18.4694,46.0655,1
1103,2004-02-29,16:50:27.330162,54,18.4596,46.0983,1
1104,2004-02-29,16:51:02.250485,54,18.4694,46.1312,1
1105,2004-02-29,16:51:20.880302,54,18.4498,46.164,1
1106,2004-02-29,16:52:24.908272,54,18.4596,46.164,1
1107,2004-02-29,16:53:30.392464,54,18.4596,46.164,1
1108,2004-02-29,16:54:23.266603,54,18.4694,46.0983,1
1109,2004-02-29,16:54:49.703583,54,18.4792,46.0655,1
1110,2004-02-29,16:55:20.94003,54,18.4596,46.0655,1
1111,2004-02-29,16:55:50.675195,54,18.4694,46.0655,1
1112,2004-02-29,16:56:27.31231,54,63.64466435319099,103.39996016723097,-1
1113,2004-02-29,16:57:24.05839,54,18.4596,46.0655,1
1114,2004-02-29,16:57:54.112987,54,18.4596,46.0655,1
1115,2004-02-29,16:58:19.707183,54,18.4596,46.0655,1
1116,2004-02-29,16:58:49.708703,54,18.4596,46.0655,1
1117,2004-02-29,16:59:21.737147,54,18.4498,46.0983,1
1118,2004-02-29,16:59:49.747474,54,18.44,46.0983,1
1119,2004-02-29,17:01:19.718175,54,18.4204,46.1968,1
1120,2004-02-29,17:02:19.790575,54,18.4204,46.1968,1
1121,2004-02-29,17:03:31.174483,54,18.4204,46.164,1
1122,2004-02-29,17:04:52.35826,54,18.4106,46.164,1
1123,2004-02-29,17:05:23.210798,54,18.4008,46.2297,1
1124,2004-02-29,17:05:57.155902,54,18.4008,46.2297,1
1125,2004-02-29,17:06:23.176802,54,18.391,46.2297,1
1126,2004-02-29,17:06:51.94802,54,18.3714,46.2953,1
1127,2004-02-29,17:07:58.86241,54,18.3812,46.2625,1
1128,2004-02-29,17:09:23.987256,54,18.3714,46.2953,1
1129,2004-02-29,17:09:51.219935,54,18.3616,46.2953,1
1130,2004-02-29,17:10:26.725129,54,18.3518,46.2953,1
1131,2004-02-29,17:10:55.670633,54,18.3616,46.2953,1
1132,2004-02-29,17:11:52.164337,54,18.3616,46.2953,1
1133,2004-02-29,17:12:24.569169,54,18.342,46.3281,1
1134,2004-02-29,17:13:54.904943,54,18.342,46.3281,1
1135,2004-02-29,17:14:19.753772,54,18.342,46.3281,1
1136,2004-02-29,17:15:01.208841,54,18.342,46.3281,1
1137,2004-02-29,17:15:23.111363,54,18.342,46.3281,1
1138,2004-02-29,17:16:23.037303,54,18.3322,46.3281,1
1139,2004-02-29,17:16:49.819628,54,18.3322,46.3281,1
1140,2004-02-29,17:17:57.960549,54,18.3224,46.3609,1
1141,2004-02-29,17:18:52.16723,54,18.3126,46.3609,1
1142,2004-02-29,17:19:28.752766,54,18.293,46.3609,1
1143,2004-02-29,17:20:24.951598,54,18.2832,46.3937,1
1144,2004-02-29,17:20:49.519166,54,18.2832,46.3937,1
1145,2004-02-29,17:21:49.64971,54,18.2832,46.4265,1
1146,2004-02-29,17:22:49.782296,54,18.2734,46.4265,1
1147,2004-02-29,17:24:25.780617,54,18.2734,46.4265,1
1148,2004-02-29,17:24:54.155243,54,18.2636,46.4265,1
1149,2004-02-29,17:25:27.495912,54,18.2636,46.4265,1
1150,2004-02-29,17:27:53.120889,54,18.244,46.4593,1
1151,2004-02-29,17:28:26.608068,54,18.244,46.4921,1
1152,2004-02-29,17:31:24.148159,54,18.2146,46.5577,1
1153,2004-02-29,17:31:56.569211,54,18.2146,46.5249,1
1154,2004-02-29,17:32:25.830341,54,18.2048,46.5577,1
1155,2004-02-29,17:36:21.39263,54,18.1852,46.5577,1
1156,2004-02-29,17:36:51.93931,54,18.1754,46.5577,1
1157,2004-02-29,17:38:55.883548,54,18.1558,46.5905,1
1158,2004-02-29,17:39:58.324361,54,18.1558,46.6232,1
1159,2004-02-29,17:40:55.667635,54,18.1362,46.6232,1
1160,2004-02-29,17:44:26.71761,54,18.1166,46.6232,1
1161,2004-02-29,17:45:19.838361,54,18.1166,46.6232,1
1162,2004-02-29,17:46:21.492889,54,18.1068,46.65600000000001,1
1163,2004-02-29,17:46:53.299852,54,18.1068,46.65600000000001,1
1164,2004-02-29,17:49:51.456139,54,18.0774,46.65600000000001,1
1165,2004-02-29,17:50:55.963946,54,18.0872,46.6887,1
1166,2004-02-29,17:51:21.54524,54,18.0872,46.65600000000001,1
1167,2004-02-29,17:51:55.073651,54,18.0872,46.6887,1
1168,2004-02-29,17:52:30.547147,54,18.0774,46.6887,1
1169,2004-02-29,17:53:26.039094,54,18.0774,46.6887,1
1170,2004-02-29,17:53:54.168724,54,18.0872,46.6887,1
1171,2004-02-29,18:00:27.931053,54,18.048,46.65600000000001,1
1172,2004-02-29,18:01:21.475626,54,18.048,46.6887,1
1173,2004-02-29,18:02:29.567329,54,18.048,46.6887,1
1174,2004-02-29,18:02:50.958495,54,18.0382,46.6887,1
1175,2004-02-29,18:04:21.057518,54,18.0186,46.65600000000001,1
1176,2004-02-29,18:05:59.403437,54,18.0186,46.6887,1
1177,2004-02-29,18:06:25.865919,54,18.0186,46.6887,1
1178,2004-02-29,18:06:53.170918,54,18.0088,46.6887,1
1179,2004-02-29,18:08:23.483948,54,18.0088,46.6887,1
1180,2004-02-29,18:12:20.548466,54,17.9794,46.7542,1
1181,2004-02-29,18:12:54.520375,54,54.96845310502054,116.83249377988952,-1
1182,2004-02-29,18:13:52.439694,54,17.9696,46.7215,1
1183,2004-02-29,18:14:24.286395,54,17.9696,46.7542,1
1184,2004-02-29,18:15:20.796693,54,17.9696,46.7542,1
1185,2004-02-29,18:16:53.066939,54,17.9402,46.7869,1
1186,2004-02-29,18:17:22.311006,54,17.95,46.7869,1
1187,2004-02-29,18:17:53.029368,54,17.9402,46.7869,1
1188,2004-02-29,18:18:27.840573,54,17.9402,46.7542,1
1189,2004-02-29,18:19:22.478725,54,17.9402,46.7542,1
1190,2004-02-29,18:19:54.587564,54,17.9304,46.7542,1
1191,2004-02-29,18:20:20.718468,54,17.9304,46.7542,1
1192,2004-02-29,18:20:55.053109,54,17.9304,46.7542,1
1193,2004-02-29,18:21:20.010955,54,17.9402,46.7542,1
1194,2004-02-29,18:22:04.124042,54,17.9304,46.7869,1
1195,2004-02-29,18:23:29.994932,54,17.9402,46.7542,1
1196,2004-02-29,18:23:55.285921,54,17.9304,46.7542,1
1197,2004-02-29,18:24:57.532525,54,17.9304,46.7215,1
1198,2004-02-29,18:25:21.588745,54,17.9206,46.7542,1
1199,2004-02-29,18:26:27.854469,54,17.9304,46.7542,1
1200,2004-02-29,18:27:50.729659,54,17.9108,46.7542,1
1201,2004-02-29,18:28:27.33111,54,17.9108,46.7542,1
1202,2004-02-29,18:29:56.90464,54,17.9108,46.7542,1
1203,2004-02-29,18:31:21.016617,54,17.9108,46.7869,1
1204,2004-02-29,18:31:57.757935,54,17.901,46.7542,1
1205,2004-02-29,18:32:53.328016,54,17.8814,46.7542,1
1206,2004-02-29,18:33:21.565104,54,17.8814,46.7869,1
1207,2004-02-29,18:34:20.597166,54,52.062338442989144,105.52671700352933,-1
1208,2004-02-29,18:35:23.376528,54,17.8716,46.7869,1
1209,2004-02-29,18:35:55.146342,54,17.8716,46.8197,1
1210,2004-02-29,18:36:19.869354,54,66.29650649011539,113.6743344488752,-1
1211,2004-02-29,18:37:26.09741,54,17.852,46.8197,1
1212,2004-02-29,18:41:20.713969,54,17.8128,46.8524,1
1213,2004-02-29,18:41:51.697022,54,17.8128,46.8524,1
1214,2004-02-29,18:42:25.333739,54,17.8128,46.8851,1
1215,2004-02-29,18:43:54.411653,54,17.8128,46.8197,1
1216,2004-02-29,18:44:25.053868,54,17.803,46.8197,1
1217,2004-02-29,18:45:21.689768,54,17.7932,46.8197,1
1218,2004-02-29,18:45:49.940726,54,17.7932,46.8524,1
1219,2004-02-29,18:46:23.445246,54,17.7834,46.8197,1
1220,2004-02-29,18:46:56.963033,54,17.7834,46.8524,1
1221,2004-02-29,18:47:30.330078,54,17.7736,46.8851,1
1222,2004-02-29,18:47:50.862347,54,17.7736,46.8851,1
1223,2004-02-29,18:48:58.677199,54,17.7638,46.8524,1
1224,2004-02-29,18:49:20.808126,54,17.7736,46.8524,1
1225,2004-02-29,18:49:49.897532,54,17.7834,46.8851,1
1226,2004-02-29,18:50:28.734502,54,17.7638,46.8524,1
1227,2004-02-29,18:50:51.056585,54,17.7736,46.8851,1
1228,2004-02-29,18:51:19.902927,54,17.7834,46.8524,1
1229,2004-02-29,18:51:55.467499,54,17.7736,46.8524,1
1230,2004-02-29,18:52:32.444419,54,17.7736,46.8851,1
1231,2004-02-29,18:52:55.955302,54,17.7736,46.8851,1
1232,2004-02-29,18:53:28.746406,54,17.7736,46.8524,1
1233,2004-02-29,18:53:56.26466,54,17.7638,46.8851,1
1234,2004-02-29,18:54:21.798229,54,17.7638,46.8851,1
1235,2004-02-29,18:55:27.815562,54,17.754,46.8524,1
1236,2004-02-29,18:56:24.602411,54,17.754,46.8851,1
1237,2004-02-29,18:56:57.513536,54,17.7638,46.8524,1
1238,2004-02-29,18:57:20.769366,54,17.754,46.8524,1
1239,2004-02-29,18:57:51.590094,54,53.83293546720671,106.52556252847158,-1
1240,2004-02-29,18:58:21.732792,54,17.754,46.8851,1
1241,2004-02-29,18:59:23.271956,54,17.7344,46.8197,1
1242,2004-02-29,19:01:49.946244,54,17.7148,46.8851,1
1243,2004-02-29,19:03:58.341288,54,17.7344,46.8524,1
1244,2004-02-29,19:04:50.763284,54,17.7246,46.8524,1
1245,2004-02-29,19:06:02.862182,54,17.7246,46.8524,1
1246,2004-02-29,19:06:21.287054,54,17.7148,46.8197,1
1247,2004-02-29,19:06:56.524128,54,17.7148,46.8851,1
1248,2004-02-29,19:08:00.627063,54,17.6952,46.8851,1
1249,2004-02-29,19:08:28.6653,54,17.705,46.8851,1
1250,2004-02-29,19:08:52.611125,54,17.6854,46.8851,1
1251,2004-02-29,19:09:55.123625,54,17.6952,46.8851,1
1252,2004-02-29,19:11:26.753257,54,17.6756,46.8851,1
1253,2004-02-29,19:14:27.095362,54,17.6756,46.9178,1
1254,2004-02-29,19:14:57.296059,54,17.6756,46.9178,1
1255,2004-02-29,19:15:26.761479,54,17.6756,46.9178,1
1256,2004-02-29,19:15:51.092282,54,17.6756,46.9178,1
1257,2004-02-29,19:16:20.759017,54,17.6756,46.8851,1
1258,2004-02-29,19:16:55.084515,54,17.6658,46.8851,1
1259,2004-02-29,19:18:27.491171,54,17.6658,46.8851,1
1260,2004-02-29,19:18:57.948664,54,17.6756,46.8851,1
1261,2004-02-29,19:20:28.451757,54,17.6658,46.8851,1
1262,2004-02-29,19:20:58.172823,54,17.6756,46.8851,1
1263,2004-02-29,19:23:25.252173,54,17.6364,46.8851,1
1264,2004-02-29,19:23:57.97893,54,17.6462,46.8851,1
1265,2004-02-29,19:25:26.261941,54,17.6364,46.8851,1
1266,2004-02-29,19:25:54.507329,54,17.6364,46.8851,1
1267,2004-02-29,19:27:22.615926,54,17.6266,46.8851,1
1268,2004-02-29,19:28:30.955413,54,17.6168,46.8851,1
1269,2004-02-29,19:29:56.51756,54,17.607,46.9178,1
1270,2004-02-29,19:30:24.562281,54,17.607,46.9178,1
1271,2004-02-29,19:31:01.513395,54,17.5972,46.9505,1
1272,2004-02-29,19:31:57.182166,54,17.5972,46.9505,1
1273,2004-02-29,19:32:52.535826,54,17.5972,46.9505,1
1274,2004-02-29,19:33:53.529291,54,17.5972,46.9505,1
1275,2004-02-29,19:36:21.410422,54,17.5776,46.9505,1
1276,2004-02-29,19:36:56.665748,54,17.5776,46.9505,1
1277,2004-02-29,19:37:22.046349,54,17.5678,46.9505,1
1278,2004-02-29,19:38:20.046671,54,17.5776,46.9505,1
1279,2004-02-29,19:39:50.040635,54,17.558,46.9505,1
1280,2004-02-29,19:40:22.682571,54,17.5678,46.9505,1
1281,2004-02-29,19:41:25.438547,54,17.558,46.9505,1
1282,2004-02-29,19:41:57.975826,54,17.558,46.9505,1
1283,2004-02-29,19:44:20.938211,54,17.558,46.9505,1
1284,2004-02-29,19:45:28.996458,54,17.5384,46.9505,1
1285,2004-02-29,19:46:50.05524,54,17.558,46.9505,1
1286,2004-02-29,19:47:26.591693,54,17.5384,46.9505,1
1287,2004-02-29,19:48:25.437866,54,17.5384,46.9505,1
1288,2004-02-29,19:49:57.318751,54,17.5384,46.9505,1
1289,2004-02-29,19:50:29.269064,54,17.5188,46.9505,1
1290,2004-02-29,19:51:53.562123,54,17.5286,46.9505,1
1291,2004-02-29,19:53:20.809709,54,17.5188,46.9505,1
1292,2004-02-29,19:54:28.957061,54,17.509,46.9505,1
1293,2004-02-29,19:54:52.902324,54,17.509,46.9505,1
1294,2004-02-29,19:56:24.871086,54,17.509,46.9505,1
1295,2004-02-29,19:57:28.401931,54,17.4992,46.9832,1
1296,2004-02-29,19:57:53.562647,54,17.4992,46.9505,1
1297,2004-02-29,19:59:56.421673,54,17.4992,46.9832,1
1298,2004-02-29,20:01:26.39956,54,17.4894,46.9505,1
1299,2004-02-29,20:01:54.686176,54,17.4894,46.9505,1
1300,2004-02-29,20:03:28.179927,54,17.4796,46.9832,1
1301,2004-02-29,20:05:00.43403,54,17.46,46.9832,1
1302,2004-02-29,20:05:54.04492,54,17.4502,47.0159,1
1303,2004-02-29,20:06:54.580005,54,17.4502,46.9832,1
1304,2004-02-29,20:07:20.140474,54,17.4502,46.9832,1
1305,2004-02-29,20:08:00.279271,54,17.4502,47.0159,1
1306,2004-02-29,20:11:56.003279,54,17.4404,47.0159,1
1307,2004-02-29,20:12:25.722587,54,17.4404,46.9832,1
1308,2004-02-29,20:13:20.892854,54,17.4404,46.9505,1
1309,2004-02-29,20:14:20.862211,54,17.4404,46.9832,1
1310,2004-02-29,20:15:58.91558,54,17.4404,46.9832,1
1311,2004-02-29,20:16:20.019508,54,17.4404,46.9505,1
1312,2004-02-29,20:17:55.505123,54,17.4208,47.0159,1
1313,2004-02-29,20:18:29.630733,54,17.4208,47.0159,1
1314,2004-02-29,20:18:50.023058,54,17.410999999999998,47.0159,1
1315,2004-02-29,20:19:50.033431,54,17.410999999999998,47.0159,1
1316,2004-02-29,20:21:26.504098,54,17.4012,47.0159,1
1317,2004-02-29,20:23:03.6701,54,17.3914,47.0159,1
1318,2004-02-29,20:23:52.191754,54,17.3914,47.0159,1
1319,2004-02-29,20:24:25.567344,54,17.4012,47.0159,1
1320,2004-02-29,20:25:02.66612,54,17.4012,47.0159,1
1321,2004-02-29,20:25:22.144835,54,17.3914,47.0159,1
1322,2004-02-29,20:27:20.054716,54,17.3816,47.0486,1
1323,2004-02-29,20:28:29.971247,54,17.3718,47.0486,1
1324,2004-02-29,20:29:52.674194,54,17.3816,47.0159,1
1325,2004-02-29,20:30:58.312249,54,17.362000000000002,47.0486,1
1326,2004-02-29,20:32:28.763844,54,17.3522,47.0813,1
1327,2004-02-29,20:34:21.070671,54,17.3522,47.0813,1
1328,2004-02-29,20:40:55.662701,54,17.3228,47.0813,1
1329,2004-02-29,20:41:22.857679,54,17.3228,47.0813,1
1330,2004-02-29,20:41:50.137134,54,17.3228,47.0813,1
1331,2004-02-29,20:42:30.722385,54,17.3228,47.0813,1
1332,2004-02-29,20:43:51.916148,54,17.3228,47.0813,1
1333,2004-02-29,20:44:50.974825,54,17.3032,47.0813,1
1334,2004-02-29,20:45:51.936863,54,17.3032,47.0813,1
1335,2004-02-29,20:48:25.605667,54,17.313,47.0813,1
1336,2004-02-29,20:48:55.058799,54,17.313,47.0813,1
1337,2004-02-29,20:49:21.288706,54,17.3032,47.0813,1
1338,2004-02-29,20:49:54.001217,54,17.3032,47.0486,1
1339,2004-02-29,20:50:22.826232,54,17.3032,47.0486,1
1340,2004-02-29,20:50:54.804202,54,17.313,47.0486,1
1341,2004-02-29,20:52:05.57578,54,17.3032,47.0486,1
1342,2004-02-29,20:55:02.925816,54,17.2934,47.0813,1
1343,2004-02-29,20:56:50.570449,54,17.2738,47.0813,1
1344,2004-02-29,20:58:55.648717,54,17.2738,47.0813,1
1345,2004-02-29,20:59:29.640872,54,17.2738,47.114,1
1346,2004-02-29,21:00:57.710746,54,17.2738,47.114,1
1347,2004-02-29,21:01:21.962099,54,17.2738,47.0813,1
1348,2004-02-29,21:01:57.7418,54,17.2738,47.0813,1
1349,2004-02-29,21:02:24.900775,54,17.264,47.0813,1
1350,2004-02-29,21:03:00.680806,54,17.2738,47.0813,1
1351,2004-02-29,21:03:51.141661,54,17.264,47.0813,1
1352,2004-02-29,21:04:28.331923,54,17.264,47.0813,1
1353,2004-02-29,21:09:00.308671,54,17.264,47.0486,1
1354,2004-02-29,21:09:51.415796,54,17.264,47.0813,1
1355,2004-02-29,21:11:25.895316,54,17.2444,47.0486,1
1356,2004-02-29,21:11:50.049751,54,17.264,47.0486,1
1357,2004-02-29,21:12:21.285315,54,17.2542,47.0486,1
1358,2004-02-29,21:13:51.153209,54,17.2542,47.0486,1
1359,2004-02-29,21:14:30.771577,54,17.2542,47.0486,1
1360,2004-02-29,21:15:21.927358,54,17.2738,47.0159,1
1361,2004-02-29,21:15:54.873432,54,17.264,47.0159,1
1362,2004-02-29,21:17:00.612766,54,17.2738,47.0159,1
1363,2004-02-29,21:17:26.811615,54,17.264,47.0159,1
1364,2004-02-29,21:17:53.992552,54,17.2542,47.0159,1
1365,2004-02-29,21:19:21.382629,54,17.264,47.0159,1
1366,2004-02-29,23:38:26.230749,54,16.7936,47.6687,1
1367,2004-02-29,23:39:56.423815,54,16.8034,47.6687,1
1368,2004-02-29,23:40:27.476999,54,16.8132,47.6361,1
1369,2004-02-29,23:41:31.872123,54,16.8034,47.6361,1
1370,2004-02-29,23:42:23.190915,54,16.8132,47.6035,1
1371,2004-02-29,23:43:01.462497,54,16.8132,47.6035,1
1372,2004-02-29,23:43:22.630876,54,16.8328,47.6035,1
1373,2004-02-29,23:47:56.503643,54,16.8524,47.4405,1
1374,2004-02-29,23:48:52.292125,54,16.8622,47.4079,1
1375,2004-02-29,23:49:24.223212,54,16.8818,47.4079,1
1376,2004-02-29,23:50:57.24237,54,16.872,47.3752,1
1377,2004-02-29,23:51:29.393483,54,16.8916,47.3752,1
1378,2004-02-29,23:53:27.479018,54,16.8818,47.3752,1
1379,2004-02-29,23:54:00.386104,54,16.8916,47.3752,1
1380,2004-02-29,23:54:27.599611,54,16.8916,47.3752,1
1381,2004-02-29,23:54:54.498935,54,16.8916,47.4079,1
1382,2004-02-29,23:55:27.399079,54,16.8916,47.3752,1
1383,2004-02-29,23:55:51.314239,54,16.9014,47.3752,1
1384,2004-02-29,23:56:27.357675,54,61.382138748878276,113.22420790947484,-1
1385,2004-02-29,23:56:51.638508,54,16.8916,47.4079,1
1386,2004-02-29,23:57:23.5596,54,16.8916,47.4079,1
1387,2004-02-29,23:58:56.354904,54,16.9014,47.3426,1
1388,2004-02-29,23:59:51.628205,54,16.9112,47.4079,1
